25.043965
25.043717
25.03717
25.03717
25.03717
25.03717
25.03717
25.036675
25.036675
25.0347299
25.042749
25.042749
25.041049
25.043418
25.038559
25.038559
25.038559
25.034672
25.038201
25.038201
25.038201
25.038201
25.038201
25.038201
25.038201
25.038201
25.038201
25.038201
25.038181
25.038201
25.038201
25.038201
25.038201
25.038113
25.038113
25.038113
25.038201
25.038181
25.038053
25.038424
25.037167
25.034155
25.03407
25.033953
25.044665
25.044152
25.044786
25.044786
25.037472
25.037511
25.038998
25.038947
25.046938
25.045507
25.04692
25.048203
25.048203
25.048203
25.048203
25.048203
25.048203
25.048203
25.048203
25.0468873
25.048203
25.0468873
25.0468873
25.0468873
25.0468873
25.0468873
25.0468873
25.0468873
25.048203
25.048203
25.0468873
25.0468873
25.048203
25.034186
25.034186
25.034186
25.034186
25.023685
25.030508
25.03222
25.03222
25.03222
25.03222
25.031717
25.03222
25.03222
25.03222
25.03222
25.03222
25.031717
25.031717
25.03222
25.03222
25.03222
25.03222
25.03222
25.03222
25.03222
25.03222
25.032835
25.031779
25.0323
25.031945
25.0316
25.031454
25.031454
25.031211
25.031211
25.03824
25.041953
25.036986
25.036729
25.039177
25.044783
25.04309
25.029948
25.030153
25.030153
25.030153
25.030153
25.029124
25.046469
25.041418
25.041438
25.041438
25.041438
25.041438
25.041179
25.0246
25.035965
25.0358843
25.034924
25.03501
25.036358
25.038755
25.04502
25.04239
25.042004
25.04221
25.04221
25.0422099
25.0410436
25.046147
25.046667
25.045246
25.042616
25.042616
25.042616
25.042616
25.0428524
25.047296
25.047296
25.047296
25.047296
25.047296
25.046021
25.034623
25.042312
25.04516
25.043615
25.043615
25.043615
25.043615
25.042327
25.037606
25.037606
25.037606
25.0376058
25.043591
25.043591
25.043591
25.043293
25.044329
25.016687
25.011785
25.033153
25.029652
25.0425125
25.041025
25.041025
25.041025
25.0432509
25.042633
25.042726
25.0425125
25.0425125
25.043161
25.042573
25.042573
25.041178
25.040421
25.027985
25.027985
25.027985
25.027945
25.027945
25.027897
25.028295
25.0278968
25.028472
25.028472
25.028472
25.043122
25.042823
25.042823
25.042823
25.045559
25.033561
25.033561
25.028703
25.033182
25.019837
25.017679
25.017679
25.031393
25.042473
25.042483
25.042356
25.0435666
25.043129
25.043129
25.045496
25.039341
25.039124
25.039707
25.039513
25.045423
25.031731
25.041554
25.03675
25.045836
25.045443
25.045462
25.03182
25.039261
25.046169
25.044713
25.044135
25.04496
25.044021
25.044256
25.05386
25.054124
25.053471
25.053257
25.051225
25.051182
25.051582
25.060566
25.050336
25.056197
25.051152
25.065848
25.062548
25.055886
25.066028
25.062771
25.053075
25.056777
25.054789
25.055781
25.069768
25.072558
25.07604
25.054635
25.0598942
25.0655825
25.052875
25.051482
25.051828
25.0483186
25.060196
25.061188
25.061611
25.0554839
25.055505
25.059484
25.05615
25.051396
25.046801
25.046889
25.046359
25.079086
25.081936
25.082658
25.05211
25.051622
25.051753
25.051953
25.052262
25.052382
25.052057
25.052134
25.052322
25.051877
25.052297
25.05281
25.052062
25.0518629
25.053133
25.053133
25.053133
25.053133
25.053133
25.0553599
25.055017
25.055728
25.047912
25.049244
25.045857
25.066601
25.0807033
25.049898
25.049898
25.051699
25.054073
25.054501
25.059716
25.061733
25.061052
25.062056
25.064407
25.066283
25.049909
25.050302
25.050521
25.064958
25.065206
25.06629
25.082488
25.0799399
25.062558
25.062558
25.062625
25.0626432
25.0630067
25.058214
25.058166
25.058144
25.049875
25.049175
25.049468
25.048352
25.048546
25.0490121
25.054956
25.054994
25.054593
25.0631985
25.045855
25.054373
25.054373
25.0490742
25.0484259
25.048961
25.047932
25.0475778
25.0475778
25.0475778
25.0475778
25.0475778
25.0475778
25.0475778
25.0475778
25.0475778
25.048135
25.049267
25.05005
25.049895
25.049909
25.048321
25.0501013
25.051196
25.051551
25.051551
25.051231
25.051494
25.05559
25.051569
25.051446
25.051838
25.051333
25.05211
25.054063
25.055847
25.060916
25.061043
25.060712
25.057485
25.060251
25.060251
25.060251
25.060251
25.060121
25.060121
25.060507
25.060121
25.0636663
25.063666
25.063666
25.063666
25.063666
25.063666
25.063666
25.063666
25.063666
25.063666
25.063666
25.063666
25.063666
25.063666
25.063666
25.063666
25.061824
25.063996
25.047366
25.047677
25.048607
25.0495143
25.0495143
25.0495143
25.0495143
25.061876
25.061739
25.057516
25.057942
25.057504
25.058151
25.059072
25.059458
25.059196
25.057776
25.057723
25.05765
25.057779
25.028664
25.037629
25.0385782
25.0385284
25.115445
25.037693
25.036783
25.036783
25.036783
25.036783
25.036783
25.036783
25.036783
25.036783
25.036783
25.036783
25.036783
25.036783
25.036783
25.036783
25.03824
25.037397
25.0376027
25.019655
25.03313
25.035635
25.035635
25.035635
25.033209
25.033209
25.034283
25.033789
25.034205
25.034205
25.034205
25.034205
25.034205
25.034205
25.034205
25.034205
25.033771
25.033691
25.033604
25.033336
25.033232
25.03288
25.038133
25.033128
25.0338466
25.0330562
25.042973
25.042915
25.035353
25.024999
25.024999
25.024999
25.024999
25.024999
25.024999
25.024999
25.025291
25.025291
25.026937
25.026618
25.026273
25.026562
25.026448
25.026331
25.024287
25.0247766
25.025354
25.02286
25.024999
25.024999
25.024999
25.025401
25.025648
25.026504
25.02516
25.012429
25.01307
25.013304
25.043021
25.0316764
25.030446
25.030832
25.0429359
25.034979
25.041613
25.041141
25.041141
25.041141
25.041498
25.041899
25.041306
25.040583
25.041282
25.041264
25.042021
25.041701
25.03184
25.03184
25.030161
25.040589
25.028801
25.025216
25.032948
25.031606
25.030657
25.030599
25.029442
25.0308014
25.044838
25.0228309
25.0228309
25.0228309
25.0228309
25.0228309
25.026441
25.026441
25.029408
25.016984
25.013673
25.0220237
25.017713
25.028019
25.025767
25.025532
25.014743
25.0255554
25.0217103
25.028314
25.032233
25.02906
25.047931
25.047931
25.047931
25.0327634
25.035285
25.024862
25.038988
25.0362
25.033379
25.033379
25.033379
25.0399731
25.036602
25.042761
25.043576
25.023372
25.026439
25.038131
25.038055
25.041328
25.031387
25.031327
25.019064
25.0273648
25.043012
25.042973
25.044101
25.029656
25.04071
25.039252
25.039252
25.033289
25.033729
25.033467
25.032645
25.034363
25.030793
25.030561
25.034427
25.033681
25.030494
25.0359187
25.04083
25.041433
25.0406869
25.041535
25.040661
25.044315
25.041807
25.040954
25.0411201
25.034367
25.040096
25.040096
25.040096
25.040096
25.040096
25.040096
25.0475429
25.033783
25.0378099
25.0358
25.03195
25.04584
25.0455179
25.027166
25.040346
25.090558
25.105422
25.125201
25.122609
25.1226499
25.097432
25.094649
25.093335
25.092723
25.081426
25.081736
25.0958852
25.0958852
25.112514
25.1126153
25.082432
25.089378
25.10592
25.104615
25.105109
25.104626
25.113672
25.0850879
25.082507
25.093866
25.09345
25.089058
25.07977
25.0892725
25.097705
25.101713
25.107
25.092121
25.08752
25.097278
25.097136
25.094305
25.102099
25.102126
25.101717
25.165613
25.167183
25.137688
25.139725
25.14372
25.138382
25.138661
25.127843
25.127079
25.129759
25.134656
25.135772
25.135772
25.125136
25.131318
25.131663
25.131687
25.131532
25.135825
25.114593
25.117453
25.137362
25.105924
25.105663
25.132672
25.139818
25.1095869
25.113316
25.143109
25.128631
25.121545
25.11352
25.119137
25.119137
25.120008
25.119137
25.120008
25.117398
25.119953
25.176434
25.151306
25.11018
25.126991
25.161678
25.161678
25.082207
25.080476
25.084606
25.08679
25.081739
25.0806849
25.080323
25.078435
25.084306
25.072334
25.068196
25.059798
25.066149
25.0828
25.079661
25.071538
25.071538
25.074305
25.073992
25.074135
25.083269
25.083033
25.078436
25.055069
25.06346
25.069094
25.068982
25.068795
25.0729864
25.06846
25.069287
25.069287
25.075831
25.075908
25.07368
25.076524
25.078447
25.079726
25.079726
25.079722
25.075313
25.062354
25.064298
25.0648403
25.058136
25.058136
25.058136
25.058136
25.056586
25.057146
25.058303
25.047931
25.053277
25.053704
25.053704
25.054509
25.0545
25.0545
25.053236
25.05459
25.054423
25.054268
25.053867
25.046224
25.05784
25.056621
25.058906
25.046847
25.05027
25.05027
25.05027
25.05027
25.044869
25.049951
25.05083
25.048544
25.049058
25.0492317
25.049738
25.053552
25.043259
25.0393979
25.057502
24.997506
24.988631
24.987599
24.985927
24.986257
24.9927415
24.9947957
24.991628
24.982504
24.980382
24.982637
24.987344
24.988625
24.986758
24.989558
24.988493
24.988493
24.988497
25.008082
24.997411
24.997535
25.004052
25.00161
24.992733
24.998103
25.000705
25.0010713
25.002263
24.988217
25.129494
25.129919
25.130249
25.128987
25.127438
25.128777
25.130385
25.130385
25.13023
25.126578
25.125082
25.125393
25.125393
25.127282
25.125691
25.125213
25.112706
25.131049
25.130428
25.130666
25.129113
25.130616
25.130227
25.129419
25.1270982
25.127452
25.132239
25.132239
25.133711
25.137733
25.132231
25.131803
25.131946
25.132595
25.132964
25.131946
25.1334534
25.123339
25.128682
25.128559
25.129395
25.129433
25.129453
25.129543
25.129822
25.129749
25.130424
25.130232
25.129123
25.132445
25.128792
25.129276
25.127885
25.131609
25.135011
25.137577
25.1411597
25.131773
25.131773
25.131773
25.142818
25.151073
25.135943
25.13418
25.150063
25.151403
25.151558
25.138458
25.131201
25.131337
25.131745
25.140015
25.150914
25.154881
25.135425
25.145207
25.133442
25.142177
25.131532
25.131819
25.131854
25.131978
25.132642
25.1338489
25.142247
25.14522
25.141885
25.15284
25.152976
25.130563
25.137787
25.140211
25.121002
25.121002
25.127976
25.121575
25.121507
25.121204
25.121255
25.121352
25.126688
25.148652
25.10844
25.099253
25.10029
25.100484
25.099552
25.105189
25.093158
25.093158
25.093158
25.093066
25.088337
25.094798
25.088146
25.098458
25.099513
25.097056
25.098376
25.077923
25.093897
25.093897
25.08423
25.083947
25.084325
25.093403
25.205291
25.1774313
25.1774312
25.1774314
25.1774315
25.1845555
25.1845555
25.1802374
25.1845557
25.177487
25.177619
25.204359
25.203213
25.203213
25.19867
25.219031
25.218453
25.218453
25.220501
25.220278
25.220278
25.224396
25.2222455
25.2222455
26.141769
26.14533
26.141486
26.141223
26.142889
26.154867
26.154867
26.156478
26.157727
26.155464
26.155464
26.157056
26.155433
26.155584
26.15
26.15748
26.157903
26.157903
26.156831
26.1586251
26.164572
26.163232
26.160823
26.155438
26.14561
26.157643
26.14861
26.146097
26.152185
26.150304
26.150304
26.151505
26.15845
26.155862
26.160707
26.15744
26.156384
26.16066
26.16039
26.159434
26.150248
26.1608971
26.158821
26.156478
26.159619
26.160155
26.160155
26.159109
26.370032
25.9652
26.223889
26.223144
26.223673
26.21205
26.223716
26.222972
26.223007
26.224133
26.22487
26.223347
25.9509647
26.225259
26.223933
26.216359
26.23421
26.234242
26.205736
26.224259
26.224167
25.947196
25.958508
25.977771
26.366943
26.366798
26.367873
26.363783
26.1661777
26.360012
26.363988
26.3758
26.367066
26.36507
25.056122
25.020884
25.0152441
25.011868
25.017372
25.0115004
25.0115004
25.0115004
25.011477
25.0115005
25.0115006
25.0115006
25.0115006
25.0115004
25.0115004
25.0115004
25.0115004
25.0115004
25.0122139
25.0122139
25.0122139
25.0122139
25.0122139
25.0122139
25.0122139
25.0122139
25.0122139
25.0122139
25.0122139
25.0122139
25.0122139
25.0122139
25.0122139
25.0122139
25.0122139
25.0122139
25.0122139
25.0122139
25.0122139
25.0122139
25.0122139
25.0122139
25.0122139
25.0122139
25.0122139
25.0122139
25.0122139
25.0122139
25.0122139
25.0122139
25.0122139
25.0122139
25.0122139
25.0122139
25.0122139
25.0122139
25.0122139
25.0122139
25.0122139
25.0122139
25.0122139
25.0122139
25.0122139
25.0122139
25.0122139
25.0122139
25.0122139
25.0122139
25.0122139
25.0122139
25.0122139
25.0122139
25.0122139
25.0122139
25.0122139
25.0122139
25.0122139
25.0122139
25.0122139
25.0122139
25.0122139
25.0122139
25.0122139
25.0122139
25.0122139
25.0122139
25.0122139
25.0122139
25.0122139
25.0122139
25.0122139
25.0122139
25.0122139
25.0122139
25.0122139
25.0122139
25.0122139
25.0122139
25.0122139
25.012235
25.012235
25.012235
25.012235
25.012235
25.012235
25.0122139
25.0122139
25.0122139
25.0122139
25.0122139
25.0122139
25.0122139
25.0122139
25.0122139
25.0122139
25.0122139
25.0122139
25.0122139
25.0122139
25.0122139
25.0122139
25.0122139
25.0122139
25.0122139
25.0122139
25.0122139
25.0122139
25.0122139
25.0122139
25.0122139
25.0122139
25.0122139
25.0122139
25.0122139
25.0122139
25.0122139
25.0122139
25.0122139
25.0122139
25.0122139
25.0122139
25.0122139
25.0122139
25.0122139
25.0122139
25.0122139
25.0122139
25.0122139
25.0122139
25.0122139
25.0122139
25.0122139
25.0122139
25.0122139
25.0122139
25.0122139
25.0122139
25.0122139
25.0122139
25.0122139
25.0122139
25.0122139
25.0122139
25.0122139
25.0122139
25.0122139
25.0122139
25.0122139
25.01222
25.01222
25.01222
25.0122139
25.0122139
25.0122139
25.0122139
25.0122139
25.0122139
25.0122139
25.0122139
25.0122139
25.0122139
25.0122139
25.0122139
25.0122139
25.0122139
25.0122139
25.0122139
25.0122139
25.0122139
25.0122139
25.0122139
25.0122139
25.0122139
25.0122139
25.0122139
25.0122139
25.0122139
25.0122139
25.0122139
25.0122139
25.0122139
25.0122139
25.01222
25.01222
25.0122139
25.0122139
25.0122139
25.0122139
25.0122139
25.0122139
25.0122139
25.0122139
25.0122139
25.0122139
25.0122139
25.0122139
25.012235
25.012235
25.0122139
25.0122139
25.0122139
25.0122139
25.0122139
25.0122139
25.0122139
25.0122139
25.0122139
25.0122139
25.0122139
25.0122139
25.0122139
25.0122139
25.0122139
25.0122139
25.0122139
25.0122139
25.0122139
25.0122139
25.0122139
25.0122139
25.0122139
25.0122139
25.0122139
25.0122139
25.0122139
25.0122139
25.0122139
25.0122139
25.0122139
25.0122139
25.0122139
25.0122139
25.0122139
25.012102
25.008065
25.009165
25.008989
25.009841
25.016309
25.021733
25.015641
25.022186
25.013057
25.02027
25.02027
25.024026
25.024201
25.024026
25.02434
25.028432
25.028432
25.028432
25.028432
25.031886
25.031886
25.031886
25.031886
25.031886
25.031886
25.031886
25.013862
25.014789
25.014789
25.014789
25.014789
25.014789
25.014789
25.014789
25.014789
25.014789
25.014789
25.031616
25.008453
25.011029
25.009345
24.995911
25.004622
25.006726
25.006107
25.005122
25.005623
25.006247
25.030297
25.030297
25.004051
25.004051
25.000746
24.993992
24.9948631
25.0051965
25.018635
24.995872
24.997358
24.997358
24.997358
24.997358
25.000515
25.000515
25.007658
24.99846
25.001243
25.002919
25.004563
25.008706
25.008706
25.008706
25.008706
25.008706
25.008706
25.008706
25.008706
25.008706
25.008078
25.009389
25.009389
25.009389
25.009389
25.009389
25.009389
25.009389
25.009389
25.009389
25.009389
25.009389
25.009389
25.009389
25.009389
25.009389
25.009389
25.00928
25.0096162
25.0096162
25.0096162
25.0096162
25.0096162
25.0096162
25.0096162
25.0096162
25.0096162
25.0096162
25.009807
25.009807
25.009807
25.009403
25.002667
25.00985
25.015177
25.015757
25.010842
25.010842
25.010842
25.010842
25.010842
25.010842
25.010842
25.010842
25.010842
25.013462
25.026946
25.026946
25.026946
25.026946
25.026946
25.026946
25.026946
25.026946
25.026946
25.026946
25.026946
25.0155955
25.020838
25.022081
25.022734
25.022081
25.014198
25.027451
25.025262
25.024339
25.020784
25.0311101
25.01309
25.022508
25.022508
25.022508
25.022508
25.022508
25.022508
25.013233
25.007473
25.006928
25.009065
25.009065
25.009065
25.009065
25.009065
25.009065
25.009065
25.009065
25.009065
25.009065
25.009065
25.009065
25.009065
25.009764
25.0133319
25.021427
25.0133319
25.023478
25.024935
25.014391
25.011453
24.9887269
24.990468
24.990644
25.012516
25.012479
25.012479
25.012256
25.011582
25.011582
25.008937
25.008937
25.008937
25.01011
25.01109
25.01095
25.01003
25.010554
25.010554
24.996519
24.996519
24.996519
25.01374
24.99048
24.99048
24.99048
24.99048
25.013903
25.013903
25.013903
25.013903
25.013903
25.013903
25.0139031
25.0139031
25.0139031
25.0130993
25.0130993
25.0130993
25.0130993
25.0130993
25.0130993
25.0139031
25.014033
25.014033
25.014033
25.013879
25.025884
25.025884
25.025884
25.025884
25.025884
25.025884
25.00875
25.00875
25.008547
25.0232518
25.0232518
25.0232518
25.0232518
25.0232518
25.0232518
25.0232518
25.0232518
25.0232518
25.0232518
25.0232518
25.0232518
25.0232518
25.023477
25.023477
25.023477
25.023477
25.023477
25.023477
25.023477
25.023477
25.023477
25.023477
25.023477
25.023477
25.023477
25.023477
25.023477
25.023477
25.023477
25.023477
25.026812
25.025653
25.025653
25.025653
25.025653
25.025653
25.0256529
25.0256529
25.0256529
25.0256529
25.0256529
25.0256529
25.0256529
25.0256529
25.0256529
25.0256529
25.0256529
25.0256529
25.0256529
25.0256529
25.0256529
25.0256529
25.0256529
25.0256529
25.0256529
25.0256529
25.0256529
25.0256529
25.0256529
25.0256529
25.0256529
25.0256529
25.025653
25.025653
25.022995
25.0221419
25.0221419
25.0221419
25.0221419
25.0221419
25.0221419
25.0221419
25.0221419
25.027268
25.011116
25.011116
25.001999
25.001999
25.001999
25.001999
25.001999
25.001999
25.001999
25.001999
25.001999
25.001999
25.001999
25.001999
25.001999
25.001999
25.001999
25.001999
25.001999
25.001999
25.001999
25.001999
25.001999
25.001999
25.001999
25.001999
25.001999
25.001999
25.001999
25.001999
25.001999
25.001999
25.001999
25.001999
25.001999
25.001999
25.001999
25.001999
25.001999
25.001999
25.001999
25.001999
25.001999
25.001999
25.007991
25.000641
24.986173
25.024565
25.024565
25.024565
25.024565
25.024565
25.024565
25.024565
25.024565
25.024565
25.00725
25.007427
25.007026
25.007388
25.007632
25.06939
25.068105
25.064637
25.067715
25.067715
25.067715
25.069404
25.062846
25.067776
25.067776
25.067776
25.067777
25.057919
25.057514
25.058423
25.05852
25.07391
25.076025
25.067396
25.057212
25.064097
25.067972
25.073
25.072543
25.072543
25.072543
25.072543
25.072543
25.072543
25.072543
25.072543
25.072543
25.072543
25.063622
25.063622
25.063731
25.0638384
25.0638384
25.063783
25.063783
25.063783
25.064119
25.064119
25.064119
25.064119
25.064119
25.063785
25.063786
25.068515
25.063784
25.061065
25.066453
25.050647
25.112439
25.069794
25.069794
25.136631
25.135825
25.0646459
25.0641386
25.0641386
25.069255
25.069255
25.077857
25.079073
25.079058
25.063807
25.004413
25.001197
25.0024849
25.0024849
25.0024848
25.0024848
25.0024848
25.0024848
25.0024848
25.0011419
25.0011419
25.0018195
24.991343
24.991337
24.991337
24.991337
24.991337
24.991337
24.991338
24.991338
24.991338
24.991319
24.991343
24.991343
25
24.949719
25.106297
25.1063314
25.1069679
25.107174
25.107174
25.107174
25.107532
25.086851
25.102726
25.107396
25.107779
25.1078809
25.1078809
25.108681
25.107968
25.1081542
25.086971
25.086971
25.086971
25.086971
25.110636
25.110636
25.110088
25.122478
25.108306
25.065609
25.108178
25.108806
25.108806
25.108806
25.1089019
25.1089019
25.108902
25.108416
25.108349
25.108349
25.108349
25.108349
25.108349
25.100612
25.108681
25.108917
25.108917
25.025627
25.025184
25.02476
25.02476
25.041118
25.04378
25.04378
25.04378
25.025967
25.0264839
25.026689
25.023876
25.034598
25.034598
25.039076
25.039076
25.039076
25.035348
25.035348
25.035348
25.035348
25.035348
25.035348
25.035727
25.035727
25.036256
25.0375621
25.038599
25.000386
25.010508
25.053976
25.054257
25.054257
25.022003
25.021907
25.054737
25.054737
25.015968
25.0182239
25.017024
25.019575
25.021813
25.021813
24.971825
24.971825
24.971825
24.971825
24.971825
24.96553
24.9755119
24.972724
24.973358
24.9735179
24.9735179
24.969631
24.982898
24.991403
24.991403
24.972976
24.9798189
25.0029604
24.957872
24.957143
24.959304
24.96735
24.96735
24.96735
24.96735
24.969137
24.968774
24.968774
24.969136
24.976758
24.9821664
24.967263
24.967263
24.963261
24.966784
24.966784
24.9678799
24.959042
24.981547
24.974427
24.975176
24.977071
24.946841
24.982617
24.983238
24.98361
24.962729
24.962729
24.9597817
24.9597817
24.9597817
24.9597817
24.9597817
24.9492669
24.961024
24.952543
24.959127
24.97199
24.9675717
24.9814679
24.980307
24.979882
24.978988
24.975403
24.922794
24.921778
24.90919
24.975471
24.987907
24.986894
24.9554078
24.9568124
24.921547
24.9033409
24.9033409
24.90313
24.97696
24.982696
24.982837
24.983357
24.98318
24.973167
24.973167
24.9751459
24.967158
24.967158
24.967241
24.9670029
24.9670029
24.9670029
24.953348
24.944973
24.9207611
24.948087
24.936987
24.936987
24.936987
24.936094
24.936094
24.936094
24.9359084
24.9359084
24.9359084
24.936192
24.936192
24.936192
24.936192
24.936192
24.924444
24.924444
24.924444
24.924444
24.937738
24.937738
24.940149
24.871589
24.873238
24.873238
24.859471
24.848795
24.864309
24.864309
24.864434
24.864434
24.863512
24.863512
24.863512
25.007611
24.997902
24.9972737
25.011948
25.0123249
25.011223
25.01537
25.01117
25.010412
25.010412
25.010412
25.008606
25.008606
25.008607
25.004087
25.016863
25.003182
25.003182
25.0131316
25.0131316
25.0131316
24.9978019
24.9978019
24.9978019
24.997802
24.9978019
24.9978019
25.00446
25.00446
25.0027279
25.003085
25.007139
25.01201
25.012465
25.013381
25.01413
25.012759
25.014899
25.011061
25.007516
25.008078
25.008097
25.007526
25.007213
25.007441
25.00502
25.008961
25.008961
25.008961
25.008961
25.008978
25.008978
25.008978
25.008978
25.008978
25.008978
25.008978
25.0146169
25.005563
24.999745
25.000751
25.002584
25.002584
25.003595
25.006124
25.006249
25.00638
25.0037933
25.003106
25.002725
25.002934
25.005234
25.0030829
25.009033
25.009033
25.009033
24.993751
24.993731
25.001135
25.006138
24.991893
24.988351
24.988466
24.989694
24.98972
24.98972
24.98972
24.989721
24.989721
24.989721
24.989721
24.989721
24.986403
24.998613
24.998613
24.996146
24.996146
24.996146
24.991193
25.001185
24.995588
24.995588
24.9947701
24.997663
24.990556
24.990556
24.990556
24.990556
24.990556
24.990556
24.990298
24.990298
24.990298
24.990298
24.990298
24.990298
24.990298
24.990298
24.989829
24.989222
24.9930994
24.993677
24.993677
24.998579
24.998579
24.998579
24.998635
24.998635
24.998635
24.998635
24.998635
24.991037
24.989305
24.988945
24.988091
25.0035461
25.0035461
25.0035462
24.999258
24.9998322
25.001227
25.001185
25.008576
24.993137
24.990175
24.9826
24.9826
24.9826
24.9826
24.9826
24.9826
24.9826
24.98515
24.98402
24.98325
24.996857
24.996711
24.996549
24.993312
24.993312
24.993312
24.993312
24.993312
24.993312
24.983037
24.974252
24.972141
24.953947
24.953947
24.953947
24.988287
24.984987
24.969801
24.9648091
24.974946
24.974946
24.974946
24.9581726
24.9581726
24.9581726
24.979609
24.969719
24.9729399
24.9729399
24.9729399
24.972574
24.972574
24.972574
24.977824
24.976651
24.987083
24.987083
24.986965
24.985202
24.963135
24.966881
24.9667
24.983432
24.983432
24.983432
24.986155
24.9714241
24.9714241
24.9714241
24.9714241
24.9714241
24.9714241
24.9714241
24.9714241
24.9714241
24.9714241
24.9714241
24.9714241
24.9714241
24.9714241
24.9714241
24.985416
24.985416
24.985416
24.985416
24.985416
24.985416
24.988997
24.970536
24.98653
24.984524
24.9867282
24.984495
24.984495
24.984495
24.983452
24.98336
24.980958
24.990142
24.934151
24.9366187
24.9366188
24.934266
24.934266
24.934266
24.934266
24.934266
24.934266
24.934266
24.934266
24.915319
24.911586
24.948926
24.948926
24.948926
24.948926
24.9285478
24.9285478
24.9285478
24.9285479
24.9285479
24.951822
24.902132
24.945124
24.944407
24.936138
24.9357679
24.935997
24.9297149
24.9297149
24.9297149
24.9297149
24.9297149
24.9297149
24.937318
24.909658
24.94174
24.94174
24.94175
24.94175
24.94175
24.94174
25.017946
25.016323
24.974549
24.974549
24.983936
24.983936
24.9840709
24.9840709
24.9840709
24.9840709
24.9840709
24.9840709
24.9840709
24.9840709
24.990855
24.989736
24.987828
24.993044
24.991366
24.991338
24.9930949
25.005939
25.007685
25.008948
25.009308
24.980344
24.957114
24.957114
24.957114
24.957114
24.971551
24.953515
24.99555
24.9966434
24.9966434
24.9966434
24.9966435
24.9966435
24.9966436
24.9966436
24.9966437
24.9966437
24.997887
24.9948691
24.9948691
24.9948691
24.9948691
24.990765
24.991824
24.979132
24.979132
24.971807
24.971807
24.971807
24.971807
24.971807
24.971807
24.971807
24.971807
24.971807
24.971807
24.971807
24.971807
24.9970502
24.972606
24.991251
24.987925
24.975503
24.994286
25.000696
25.001724
25.001724
25.0162126
25.0162126
25.0162126
25.0162126
24.989281
24.991504
24.991504
24.99238
24.991145
24.9899619
24.9899619
24.9899619
24.9899619
24.9899619
24.9899619
24.9899619
24.9899619
24.9899619
24.9899619
24.9899619
24.9899619
24.9570206
24.9570206
24.9570206
24.9570206
24.9570206
24.9570206
24.9570206
24.9570206
24.9570206
24.9570206
24.9570206
24.9570206
24.9570206
24.9570206
24.953891
24.938056
24.9358336
24.9358336
24.9358336
24.9358336
24.9568583
24.9556019
24.9556019
24.9556019
24.9556019
24.955971
24.955971
24.955971
24.955971
24.955971
24.955971
24.955971
24.955971
24.955971
24.955971
24.955971
24.955971
24.955971
24.955971
24.955971
24.955971
24.955971
24.955971
24.955971
24.955971
24.955971
24.955971
24.955971
24.955971
24.954556
24.94939
24.94939
24.94939
24.94939
24.94939
24.94939
24.94939
24.94939
24.94939
24.94939
24.94939
24.94939
24.94939
24.94939
24.94939
24.94939
24.94939
24.94939
24.94939
24.94939
24.94939
24.94939
24.94939
24.94939
24.947817
24.950582
24.950582
24.950582
24.950582
24.950582
24.950582
24.95462
24.944967
24.954548
24.972035
25.071533
25.068214
25.068081
25.080337
25.078556
25.061279
25.068458
25.06263
25.06256
25.059087
25.08079
25.07462
25.07462
25.07462
25.07462
25.081054
25.069163
25.054485
25.052912
25.051138
25.071167
25.071167
25.071167
25.065531
25.065531
25.065531
25.071619
25.050483
25.050446
25.066949
25.061018
25.061018
25.061018
25.061018
25.061018
25.061018
25.061018
25.060881
25.060881
25.060881
25.060881
25.061118
25.061118
25.061118
25.061103
25.061103
25.061103
25.061103
25.061104
25.061448
25.060998
25.06099
25.06099
25.061363
25.061552
25.070888
25.064246
25.061567
25.078961
25.083629
25.083629
25.083629
25.083629
25.083629
25.083629
25.083629
25.083629
25.083629
25.083629
25.083629
25.083629
25.077693
25.0659999
25.0659999
25.0659999
25.0659999
25.0659999
25.0659999
25.066594
25.067982
25.077713
25.057168
25.057168
25.057169
25.057169
25.057755
25.0576876
25.057651
25.0576876
25.063048
25.063048
25.063611
25.063902
25.063535
25.063532
25.059412
25.062952
25.062735
25.046149
25.057651
25.0617326
25.060173
25.060173
25.060173
25.060173
25.060173
25.060173
25.060173
25.060173
25.060173
25.060173
25.068122
25.0590013
25.062583
25.071246
25.0592529
25.054758
25.054758
25.054758
25.054758
25.054758
25.054758
25.071314
25.047226
25.047226
25.047226
25.05177
25.05177
25.05177
25.05177
25.05177
25.05177
25.05177
25.05177
25.052274
25.052274
25.052274
25.052274
25.052274
25.052274
25.052274
25.05177
25.05177
25.05177
25.05177
25.05177
25.05177
25.057379
25.055957
25.055957
25.056808
25.056808
25.056808
25.056808
25.05177
25.05177
25.05177
25.05177
25.05177
25.05177
25.05177
25.0566
25.05177
25.05177
25.05177
25.05177
25.05177
25.05177
25.051712
25.051712
25.051712
25.051712
25.051712
25.051712
25.05177
25.05177
25.05177
25.05177
25.05177
25.05177
25.05177
25.045596
25.035848
25.035848
25.035848
25.035848
25.035848
25.035848
25.035848
25.035848
25.035848
25.035848
25.035848
25.035848
25.035848
25.035848
25.035848
25.035258
25.035045
25.034682
25.034167
25.030748
25.030666
25.0305657
25.030026
25.024855
25.023041
25.022326
25.022326
25.022326
25.024387
25.046842
25.046842
25.0463017
25.0463017
25.046843
25.046843
25.046844
25.046844
25.046845
25.046845
25.036575
25.0361925
25.0361925
25.0361925
25.0361925
25.0361926
25.0361926
25.036923
25.036923
25.036923
25.036923
25.036923
25.036923
25.051171
25.052406
25.051797
25.06429
25.063702
25.063717
25.037156
25.037156
25.037156
25.037156
25.037156
25.037156
25.037156
25.039066
25.039066
25.039066
25.039066
25.039066
25.039066
25.039066
25.047643
25.048454
25.046568
25.041388
25.041388
25.041388
25.041388
25.041388
25.035848
25.0245452
25.0245451
25.0245451
25.0245451
25.049438
25.048932
25.026098
25.043931
25.0429649
25.0429649
25.0429649
25.0429649
25.0429649
25.0429649
25.0429649
25.0429649
25.045163
25.046026
25.0462009
25.0548485
25.040989
25.052773
25.059853
25.059853
25.060488
25.0201
25.0201
25.0201
25.0201
25.0201
25.014198
25.013051
25.0132759
25.035934
25.041788
25.034517
25.034702
25.029017
25.019611
25.046407
25.046407
25.046407
25.020814
25.020814
25.020814
25.020814
25.017351
25.017351
25.017351
25.017351
25.056898
25.0527337
25.0549
25.0549
25.05489
25.05489
25.05489
25.049828
25.065568
25.03998
25.03998
25.040678
25.0590074
25.0590074
25.0590074
25.0590074
25.0590074
25.0590074
25.0590074
25.0590074
25.0590074
25.053997
25.039424
25.041498
25.051911
25.0633614
25.062482
25.0601717
25.063696
25.05667
25.05667
25.05667
25.05667
25.05667
25.068577
25.068577
25.067839
25.067284
25.068076
25.068316
25.068316
25.068057
25.068057
25.068057
25.068057
25.067675
25.068775
25.068775
25.029843
25.077191
25.0767572
25.0767573
25.0767572
25.0767572
25.0767572
25.0767572
25.0767572
25.0767572
25.0767572
25.0767572
25.0767572
25.0767572
25.0767572
25.0767572
25.0767572
25.0767572
25.067906
25.081317
25.0743648
25.0743648
25.0743648
25.076892
25.073572
25.066285
25.08372
25.078702
25.079446
25.079446
25.07006
25.089177
25.083408
25.085055
25.084863
25.084863
25.084863
25.084863
25.084863
25.084863
25.084863
25.084863
25.084863
25.084863
25.084863
25.084863
25.084863
25.084863
25.084863
25.082108
25.084138
25.084138
25.084138
25.0814349
25.080784
25.081926
25.081474
25.080809
25.081363
25.08705
25.082664
25.090679
25.0792859
25.0792859
25.0792859
25.091155
25.091155
25.082926
25.080641
25.080641
25.080641
25.085618
25.09025
25.09025
25.09025
25.09025
25.09025
25.09025
25.0857186
25.0857186
25.0857186
25.0857186
25.0857186
25.0857186
25.0857186
25.0857186
25.08493
25.08493
25.08493
25.08493
25.08493
25.08493
25.084842
25.084842
25.08494
25.08494
25.08494
25.08494
25.08494
25.083171
25.083171
25.083171
25.083171
25.083068
25.083171
25.083171
25.083068
25.083068
25.083068
25.083068
25.083573
25.083573
25.0830706
25.0830706
25.072284
25.082958
25.083433
25.062682
25.062682
25.062682
25.062682
25.062682
25.067284
25.123243
25.0731295
25.0822226
25.0822226
25.0822226
25.0822226
25.068405
25.1015907
25.071422
25.071422
25.071422
25.071422
25.0794437
25.069468
25.094834
25.094834
25.094834
25.094834
25.094834
25.094834
25.0980026
25.0980026
25.149358
25.1568419
25.1568419
25.152857
25.151102
25.147204
25.1465448
25.1465448
25.1465448
25.14172
25.160612
25.144844
25.146178
25.146178
25.131166
25.178124
25.178124
25.178124
25.1870913
25.1850946
25.1850946
25.1850946
25.1850946
25.1850946
25.1850946
25.18714
25.18714
25.18714
25.18714
25.18714
25.18714
25.1754251
25.175971
25.1727278
25.1727278
25.1727279
25.1727279
25.1707092
25.163513
25.154912
25.156892
25.171595
25.179236
25.179236
25.179236
25.1755786
25.171912
25.172688
25.173077
25.169601
25.170571
25.176148
25.1783341
25.1688
25.1728806
25.1728806
25.138803
25.1379429
25.1379429
25.1379429
25.1723664
25.1824642
25.173615
25.182409
25.182409
25.175538
25.258357
25.257766
25.2370456
25.2370456
25.2370456
25.259359
25.259359
25.259338
25.291248
25.293838
25.291967
25.291821
25.291821
25.291821
25.2686111
25.273514
25.2686111
25.290368
24.756013
24.73853
24.73853
24.748557
24.753396
24.769672
24.739779
24.73859
24.739779
24.7585151
24.758731
24.74805
24.748926
24.748926
24.748926
24.748926
24.748926
24.748926
24.748926
24.749236
24.749384
24.749384
24.752273
24.752015
24.752015
24.7591493
24.749326
24.745433
24.745433
24.745433
24.754723
24.755302
24.7549441
24.75533
24.755345
24.755383
24.755383
24.764252
24.762108
24.762108
24.762108
24.762108
24.762108
24.762108
24.755884
24.755884
24.754528
24.754528
24.770486
24.779434
24.733989
24.751625
24.75419
24.75419
24.755503
24.755503
24.753067
24.75846
24.749262
24.749124
24.751561
24.749754
24.749754
24.749754
24.749754
24.749754
24.757387
24.758036
24.750489
24.752122
24.750346
24.751021
24.751021
24.751021
24.752443
24.750403
24.762771
24.761933
24.751128
24.75097
24.752426
24.752426
24.754821
24.754343
24.754363
24.754256
24.764398
24.7535
24.746344
24.746344
24.745044
24.73241
24.73241
24.73241
24.73241
24.73241
24.73241
24.73241
24.73241
24.73241
24.73241
24.73241
24.73241
24.73241
24.73241
24.73241
24.73241
24.73241
24.73241
24.73241
24.73241
24.73241
24.73241
24.73241
24.73241
24.73241
24.73241
24.73241
24.73241
24.73241
24.73241
24.73241
24.73241
24.73241
24.73241
24.73241
24.73241
24.73241
24.73241
24.73241
24.73241
24.73241
24.73241
24.73241
24.73241
24.73241
24.73241
24.73241
24.73241
24.73241
24.73241
24.73241
24.73241
24.73241
24.73241
24.73241
24.73241
24.73241
24.73241
24.73241
24.73241
24.73241
24.73241
24.73241
24.73241
24.73241
24.73241
24.73241
24.73241
24.731124
24.728053
24.75864
24.75864
24.754874
24.754947
24.760009
24.7569581
24.755589
24.7487331
24.733726
24.838173
24.852368
24.858508
24.859028
24.941608
24.938423
24.96416
24.966821
24.944753
24.864322
24.860954
24.856724
24.904814
24.869423
24.869423
24.869175
24.939673
24.969428
24.970316
24.939207
24.8638
24.859649
24.859649
24.859649
24.854926
24.854926
24.86285
24.862574
24.862667
24.83881
24.869233
24.869233
24.869233
24.869153
24.869153
24.843761
24.843761
24.845434
24.825086
24.82717
24.827266
24.823626
24.823626
24.823626
24.829196
24.829196
24.831338
24.831338
24.831338
24.786959
24.786826
24.817194
24.817194
24.8271
24.827105
24.826625
24.826625
24.832818
24.792696
24.793903
24.7878
24.810172
24.827871
24.816673
24.836637
24.827888
24.827888
24.821279
24.820814
24.821625
24.785663
24.779919
24.74898
24.74898
24.747024
24.743869
24.776448
24.746221
24.74622
24.746405
24.7467551
24.747104
24.747104
24.801728
24.777582
24.754938
24.800164
24.764304
24.827888
24.721165
24.721643
24.718625
24.744946
24.744946
24.745257
24.715087
24.746039
24.74518
24.745077
24.743806
24.743455
24.743455
24.720609
24.7434
24.729322
24.744427
24.745394
24.758985
24.755435
24.748098
24.672971
24.684217
24.683823
24.683823
24.680489
24.679728
24.682215
24.676775
24.677657
24.677282
24.677282
24.677321
24.680631
24.678149
24.678149
24.6789318
24.678764
24.679173
24.681532
24.681822
24.681822
24.681822
24.678006
24.675546
24.671758
24.670064
24.6796221
24.67791
24.678098
24.678098
24.688746
24.689388
24.677545
24.670223
24.670223
24.6713
24.6713
24.6713
24.682531
24.679302
24.670409
24.669603
24.675893
24.675893
24.675893
24.675893
24.675893
24.675893
24.675893
24.6782102
24.678505
24.678505
24.678505
24.678508
24.67853
24.678496
24.677527
24.667304
24.666489
24.666489
24.666124
24.692987
24.68621
24.66917
24.671354
24.661781
24.666642
24.66548
24.66548
24.668273
24.661468
24.666879
24.66737
24.66737
24.66737
24.43775
24.487294
24.4873
24.542038
24.503241
24.492769
24.492314
24.746039
24.610132
24.610646
24.609388
24.677682
24.67857
24.67857
24.67876
24.675779
24.640777
24.685081
24.677409
24.677409
24.678013
24.677808
24.656388
24.599607
24.574878
24.6314
24.613411
24.61347
24.532057
24.705301
24.703952
24.693988
24.690583
24.6975591
24.697997
24.685471
24.684354
24.684354
24.683749
24.684876
24.684932
24.684852
24.684852
24.665875
24.659947
24.659947
24.656144
24.667756
24.666035
24.687473
24.700209
24.697149
24.666557
24.666557
24.702631
24.7058751
24.66811
24.671374
24.671759
24.673424
24.671374
24.671759
24.673424
24.672176
24.636098
24.640789
24.676424
24.636418
24.636007
24.636007
24.634506
24.634506
24.667255
24.634802
24.667211
24.660308
24.660308
24.6344044
24.633189
24.669749
24.644833
24.644833
24.67111
24.636934
24.621856
24.629932
24.603245
24.663747
24.655286
24.654598
24.6670634
24.612995
24.596612
24.596729
24.6090239
24.614572
24.595923
24.595993
24.596035
24.595875
24.59562
24.59588
24.5963084
24.591929
24.463402
24.585159
24.46508
24.595699
24.59523
24.613858
24.593163
24.610832
24.610003
24.610003
24.610832
24.627536
24.576007
24.56824
24.581699
24.583239
24.596873
24.611856
24.582335
24.594939
24.594939
24.6337611
24.594739
24.594739
24.59431
24.612995
24.612995
24.618066
24.618113
24.468535
24.465599
24.518272
24.51952
24.449413
24.33003
24.335758
24.4752
24.474416
24.466052
24.466052
24.518926
24.519744
24.465192
24.465451
24.465666
24.465881
24.465881
24.467209
24.47164
24.4263
24.425895
24.806394
24.804325
24.804325
24.806896
24.806659
24.807231
24.806681
24.808069
24.797115
24.799728
24.816821
24.8017471
24.81226
24.81065
24.804859
24.849106
24.849827
24.816361
24.816303
24.816322
24.792116
24.796207
24.793286
24.793338
24.793338
24.793338
24.793338
24.793392
24.850148
24.849464
24.848201
24.846351
24.814161
24.810821
24.811668
24.811668
24.811668
24.804928
24.814159
24.814414
24.811648
24.820418
24.804641
24.815689
24.819572
24.820303
24.816116
24.816116
24.816116
24.816116
24.816116
24.816116
24.834785
24.811517
24.812882
24.806783
24.806571
24.806292
24.810343
24.810343
24.841631
24.806272
24.806272
24.8062461
24.804062
24.809447
24.809447
24.809447
24.81007
24.809739
24.806713
24.806713
24.8069511
24.806713
24.804792
24.811668
24.811668
24.80429
24.80429
24.804415
24.803137
24.8018251
24.8018251
24.8183211
24.8183211
24.8183211
24.8183211
24.8183211
24.8183211
24.798352
24.798352
24.798352
24.798352
24.798352
24.798352
24.803711
24.803711
24.796494
24.781591
24.782661
24.796138
24.796138
24.795979
24.7863247
24.816654
24.802425
24.801948
24.801948
24.803565
24.801792
24.800836
24.804344
24.800836
24.80224
24.800836
24.80031
24.802474
24.801948
24.800836
24.799552
24.800818
24.801243
24.801243
24.801243
24.801243
24.801227
24.799486
24.799486
24.799486
24.801685
24.801685
24.801685
24.801685
24.803646
24.7732823
24.7732823
24.7732823
24.7732823
24.810101
24.8134083
24.8114992
24.811471
24.811471
24.811471
24.792423
24.793572
24.794663
24.79141
24.792209
24.797115
24.8027891
24.788028
24.797151
24.816342
24.783306
24.782916
24.802912
24.802912
24.789397
24.789397
24.790918
24.789815
24.797184
24.779604
24.7753427
24.775266
24.775348
24.804256
24.80429
24.80429
24.808454
24.800593
24.798559
24.799864
24.799864
24.799747
24.799173
24.802878
24.804617
24.7816461
24.782143
24.7816461
24.7816461
24.7816461
24.7816461
24.781027
24.801929
24.801929
24.801929
24.801929
24.788293
24.8010471
24.8010471
24.8010471
24.808902
24.811671
24.811681
24.801206
24.801206
24.801206
24.801206
24.801206
24.801204
24.801206
24.803954
24.80398
24.804626
24.804626
24.801744
24.80327
24.801521
24.809008
24.807636
24.808403
24.803199
24.803199
24.803199
24.803199
24.803199
24.803199
24.803199
24.803199
24.803199
24.803199
24.803199
24.803199
24.803199
24.803199
24.803199
24.803199
24.803199
24.803199
24.803199
24.805259
24.805259
24.812374
24.8121961
24.806642
24.774237
24.814881
24.780192
24.780983
24.780398
24.778708
24.782477
24.782477
24.782477
24.7800711
24.779209
24.81469
24.81469
24.814989
24.810676
24.796611
24.802065
24.78727
24.783208
24.788012
24.788012
24.788012
24.788012
24.7631301
24.787692
24.743843
24.795501
24.794573
24.797359
24.797073
24.797073
24.797073
24.79778
24.797608
24.797039
24.772275
24.832969
24.833538
24.835655
24.839711
24.839925
24.830457
24.826401
24.823442
24.822551
24.832399
24.8283806
24.828137
24.826839
24.827268
24.825281
24.820683
24.820451
24.82384
24.83666
24.840994
24.8391611
24.822039
24.808045
24.812057
24.811882
24.811507
24.812213
24.812254
24.806494
24.814599
24.839782
24.827622
24.8284838
24.828781
24.83014
24.83014
24.83014
24.83014
24.830189
24.830189
24.828436
24.827326
24.8241455
24.833821
24.827719
24.819558
24.812934
24.901132
24.901015
24.901015
24.90276
24.9014919
24.901083
24.874913
24.870831
24.90119
24.900489
24.905277
24.905248
24.904762
24.8736709
24.551672
24.888702
24.872303
24.858228
24.858209
24.874712
24.899439
24.901375
24.903304
24.900782
24.869762
24.869537
24.90128
24.826959
24.827162
24.827883
24.82791
24.827511
24.827326
24.822428
24.828144
24.79702
24.800071
24.7999326
24.7912398
24.792598
24.79315
24.791994
24.791758
24.774824
24.777512
24.774656
24.773309
24.772141
24.772382
24.765635
24.766785
24.765379
24.76583
24.767116
24.736047
24.774099
24.72309
24.72309
24.766513
24.737419
24.742359
24.735962
24.723876
24.725208
24.7366941
24.736832
24.7368317
24.738471
24.738237
24.7369233
24.781591
24.735766
24.736425
24.737937
24.738236
24.736873
24.736873
24.734374
24.840295
24.632136
24.631648
24.632165
24.631814
24.631882
24.576053
24.57531
24.705424
24.706683
24.703874
24.718045
24.716769
24.717602
24.705366
24.705502
24.705167
24.706155
24.706038
24.701983
24.700609
24.700336
24.698874
24.716937
24.699979
24.655116
24.68843
24.68899
24.688775
24.688293
24.688639
24.9645725
24.9645725
24.953495
24.953671
24.953671
24.953165
24.968238
24.968238
24.956863
24.95762
24.961436
24.958787
24.9583198
24.9369879
24.954153
24.9494404
24.955819
24.956452
24.9553379
24.9553954
24.955115
24.9540932
24.954332
24.954563
24.954583
24.988386
24.958067
24.959309
24.9583676
24.9583676
24.958756
24.959093
24.959093
24.959898
24.972689
24.9696139
24.9670479
24.96666
24.96684
24.965364
24.963007
24.962211
24.963028
24.959518
24.959518
24.959518
24.9588307
24.9588307
24.968238
24.959445
24.959445
24.955319
24.974554
24.948673
24.9621028
24.962206
24.95439
24.9758194
24.9758194
25.0036573
24.971829
24.937144
24.9804041
24.9804041
24.979387
24.976819
24.976675
24.976675
24.95555
24.95555
24.9513704
24.9513704
24.9449086
24.9449086
24.96332
24.959568
24.957085
24.95548
24.954915
24.954006
24.95334
24.953631
24.955491
24.967748
24.957666
24.9736481
24.9736481
24.958007
24.958441
24.974435
24.976187
24.9742535
24.9742535
24.9786924
24.9786924
24.960148
24.960148
24.959388
24.953001
24.953288
24.955021
24.956079
24.962755
24.979153
24.945665
24.9400981
24.9400981
24.940421
24.9694
24.9626655
24.9626655
24.955696
24.961413
24.961413
24.961413
24.961413
24.961413
24.967181
24.962814
24.962298
24.963086
24.962093
24.966316
24.94429
24.965887
24.9655328
24.965559
24.966203
24.9594522
24.9532
24.953768
24.9621649
24.9621649
24.959039
24.959039
24.962637
24.963636
24.94624
24.9757269
24.9757269
24.991699
25.013148
24.947719
24.951382
24.951039
24.9327251
24.9327251
24.926236
24.925772
24.933641
24.9349825
24.9349825
24.9346702
24.9346702
24.935882
24.952861
24.913269
24.914716
24.8972842
24.916405
24.900061
24.9002606
24.953852
24.951141
24.9506022
24.9506022
24.9504695
24.9504695
24.952805
24.945478
24.948067
24.946083
24.955952
24.944312
24.945927
24.945927
24.945927
24.8996383
24.939859
24.939779
24.944931
24.940908
24.941972
24.924762
24.910999
24.955034
24.841769
24.846433
24.867513
24.87137
24.867977
24.866656
24.863967
24.863967
24.863799
24.863799
24.874691
24.8530162
24.869233
24.832016
24.849311
24.849622
24.876437
24.8764369
24.8764369
24.876437
24.876437
24.876437
24.876437
24.874225
24.893424
24.862988
24.861572
24.832322
24.835252
24.868712
24.865067
24.865708
24.8108371
24.862687
24.865778
24.865778
24.883309
24.885191
24.864196
24.863884
24.863976
24.8637022
24.9079315
24.906722
24.906562
24.906309
24.915023
24.915627
24.917558
24.908352
24.936919
24.9110429
24.911043
24.911733
24.913262
24.907861
24.9078089
24.911388
24.935283
24.923142
24.935091
24.934545
24.910084
24.911758
24.898565
24.896972
24.897648
24.913109
24.91353
24.953538
24.919211
24.916667
24.923434
24.904761
24.888471
24.909861
24.9166964
24.988216
24.972725
24.972696
24.972544
24.972488
24.97273
24.970585
24.976916
24.952552
24.9695479
24.9695479
24.973007
24.937016
25.036186
25.012915
25.010854
25.075226
25.011213
25.024426
25.03056
25.048154
25.042777
25.052693
25.052557
25.052109
25.032047
25.028382
25.028285
25.028188
25.035142
25.0035899
25.005166
25.003872
25.0078449
25.0042826
24.994538
24.994538
25.000333
25.0013683
25.0013683
24.993297
25.000048
25.0100843
24.997552
24.995978
24.988587
24.988224
24.9779469
24.9779469
24.991983
24.992386
24.9917009
24.992119
24.9919699
24.989367
25.0014
25.01624
25.017698
25.019306
25.0207047
25.018242
24.9933674
25.0202168
24.9945459
24.988975
24.989206
24.989206
24.990847
24.99168
24.991764
25.0091404
25.0093467
24.992617
25.002642
24.9911595
24.9918036
25.0190922
25.0190922
24.982329
24.9812439
24.979028
24.9801594
24.9801594
24.9799
24.993092
25.003819
25.002433
25.001471
25.002006
25.002006
25.00288
25.00288
25.00288
25.0189969
24.991214
24.991367
24.982506
24.982506
25.0218891
25.0218891
25.015901
24.9974491
24.99077
24.991095
24.990103
24.990103
24.989793
24.989015
24.989112
24.977927
25.0038257
25.013275
25.0108857
25.011242
24.983703
24.983703
24.980032
24.980032
24.981857
24.986719
24.985247
24.986885
24.9774039
24.9774039
24.990901
24.989536
24.990648
24.990235
24.989738
24.99314
24.9925549
24.991986
25.011761
25.011761
25.0032448
25.0032448
25.0032448
25.0032448
25.0026338
25.006148
25.000591
24.995588
24.995374
25.000878
25.000547
25.026725
25.0256885
24.978453
24.990188
24.993658
24.993658
24.995151
24.997854
24.999903
25.00016
25.00016
24.992871
25.006845
25.006845
24.986797
25.022789
25.026601
24.9942939
24.994592
24.9929026
24.9929026
24.993799
24.993799
24.99341
24.99341
24.99322
24.99322
24.99322
24.99322
24.99322
24.99322
24.99322
24.99322
24.99322
24.99322
24.99322
24.99322
24.99322
24.99322
24.99322
24.99322
24.99322
24.99322
24.99322
24.99322
24.99322
24.99322
24.99322
24.99322
24.99322
24.99322
24.99322
24.99322
24.99322
24.99322
24.994224
24.992396
24.992272
24.993346
24.993575
24.994693
24.955234
24.955234
24.980117
24.980117
24.9809269
24.9789509
24.9789509
24.9789509
24.9872955
24.996427
25.057537
25.057544
25.061049
25.034828
25.0334036
25.057747
25.0574039
25.054493
25.057723
25.0561476
25.057348
25.0608
24.993209
25.061096
24.989711
25.043914
24.991572
24.99146
24.991871
24.99199
25.01679
25.020362
24.993799
24.998952
25.0182733
24.929175
24.939779
24.965965
24.96118
24.9589959
24.932914
24.954462
24.949233
24.950577
24.97412
24.97412
24.974049
24.974049
24.9600217
24.949655
24.964222
24.957542
24.957489
24.930997
24.938064
24.975368
24.938364
24.938643
24.94155
24.92915
24.976955
24.975691
24.956277
24.884879
24.900324
24.904966
24.922806
24.903393
24.898699
24.8986666
24.896402
24.8814819
24.879731
24.879326
24.882237
24.881175
24.840365
24.839836
24.839935
24.811633
24.882358
24.876643
24.880597
24.882388
24.884195
24.8867122
24.8867122
24.88029
24.889629
24.8827009
24.885715
24.684177
24.817369
24.8199086
24.8199086
24.8183941
24.8184
24.814655
24.81569
24.822263
24.814823
24.8151
24.814185
24.798247
24.79091
24.793243
24.778289
24.793003
24.79083
24.670106
25.073394
25.068438
25.0660225
25.085403
25.085403
25.063054
25.06349
25.063343
25.067719
25.071751
25.062412
25.0540479
25.088053
25.090399
25.077672
25.066572
25.06563
25.0651649
25.075168
25.1167238
25.1167238
25.116714
25.106828
25.063634
25.093528
25.07639
25.07639
25.088514
25.087231
25.0889211
25.084705
25.085343
25.085343
25.085343
25.085343
25.0883
25.091788
25.088592
25.076193
25.0811
25.0811
25.0811
25.0811
25.0811
25.0811
25.0811
25.0811
25.077012
25.077012
25.077012
25.077012
25.077012
25.077012
25.077012
25.09139
25.019234
25.052629
25.0461736
25.0474972
25.040633
25.051323
25.054726
25.084504
25.059088
25.059088
25.059088
25.04736
25.051177
25.053206
25.051527
25.055641
25.038619
25.020407
25.083558
25.03405
25.0456143
25.054618
25.063501
25.063501
25.063967
24.686632
24.686632
24.683918
24.683306
24.683961
24.683879
24.709328
24.691583
24.690939
24.686933
24.710463
24.6845489
24.684558
24.685917
24.686431
24.682946
24.682924
24.706917
24.706867
24.708202
24.714525
24.700005
24.567421
24.681548
24.688381
24.685295
24.6837937
24.664266
24.68529
24.685549
24.6861051
24.686426
24.687069
24.685824
24.696212
24.693308
24.684418
24.685357
24.685191
24.6838076
24.6905011
24.656626
24.603892
24.597692
24.5981465
24.583432
24.541872
24.614288
24.615915
24.645645
24.613859
24.491445
24.490805
24.490369
24.491363
24.540731
24.56626
24.564398
24.49377
24.49069
24.491476
24.490606
24.443542
24.439767
24.439767
24.441687
24.442502
24.415823
24.412872
24.566775
24.562121
24.558572
24.546356
24.567239
24.5434336
24.543305
24.542448
24.566789
24.560892
24.559963
24.558428
24.5567598
24.556191
24.555301
24.550191
24.57451
24.562159
24.563615
24.563615
24.563615
24.563615
24.563615
24.563615
24.564157
24.562649
24.562649
24.562857
24.570022
24.571005
24.575502
24.575502
24.575502
24.575709
24.575502
24.575502
24.575502
24.575502
24.575502
24.575502
24.575607
24.5747
24.561634
24.561882
24.561882
24.561915
24.585578
24.5715441
24.567633
24.582247
24.565049
24.565049
24.565049
24.565049
24.565049
24.565049
24.565049
24.565049
24.565049
24.565049
24.565049
24.565049
24.565049
24.565049
24.566484
24.566484
24.566201
24.566201
24.566201
24.56413
24.622805
24.656378
24.640384
24.643117
24.576325
24.577744
24.577749
24.521373
24.501597
24.500153
24.460061
24.460061
24.503592
24.504019
24.504019
24.504019
24.504019
24.531547
24.422304
24.448458
24.450099
24.424221
24.423909
24.424697
24.447505
24.446289
24.468275
24.488234
24.462429
24.492856
24.487032
24.481368
24.4789384
24.462624
24.486326
24.472414
24.414283
24.38746
24.38746
24.398227
24.398989
24.400714
24.406127
24.406127
24.405228
24.40557
24.420707
24.33651
24.361118
24.55
24.55
24.559413
24.558448
24.313161
24.144015
24.141507
24.137443
24.138704
24.139529
24.137395
24.143337
24.141565
24.144455
24.145896
24.143768
24.142805
24.142382
24.142875
24.142064
24.145521
24.142016
24.138615
24.136342
24.140107
24.143748
24.143889
24.14385
24.139524
24.136678
24.143902
24.140674
24.1427
24.143232
24.143232
24.137131
24.139117
24.138101
24.140058
24.139468
24.137378
24.1396451
24.141255
24.140108
24.141638
24.138512
24.1383409
24.138511
24.13779
24.13779
24.13779
24.13779
24.13683
24.13692
24.13696
24.141623
24.1441489
24.144106
24.141005
24.137936
24.1388933
24.125809
24.133445
24.151107
24.140829
24.144437
24.144355
24.13314
24.130251
24.134604
24.134604
24.134604
24.133854
24.131835
24.135229
24.145479
24.129147
24.12952
24.12993
24.131862
24.131307
24.131769
24.13524
24.135681
24.138575
24.138921
24.13576
24.135791
24.134811
24.138368
24.1350459
24.127521
24.137489
24.127143
24.1390511
24.138461
24.142903
24.126034
24.146483
24.147056
24.136653
24.112581
24.12724
24.125796
24.120193
24.117087
24.127456
24.116098
24.134236
24.123373
24.122576
24.132933
24.130626
24.127374
24.121556
24.121556
24.122364
24.12271
24.122296
24.129737
24.130597
24.115607
24.114238
24.115004
24.129159
24.125218
24.124587
24.117006
24.116694
24.117302
24.1171
24.117148
24.117149
24.117147
24.121839
24.125459
24.118051
24.128217
24.122015
24.13029
24.132733
24.132733
24.132733
24.132733
24.132733
24.131754
24.1127
24.114468
24.132513
24.127495
24.127481
24.118669
24.122157
24.122333
24.124381
24.120691
24.12875
24.124357
24.130872
24.110904
24.121085
24.118407
24.119095
24.108846
24.110884
24.116218
24.130794
24.125446
24.133273
24.118331
24.113218
24.114299
24.113202
24.162849
24.162849
24.117
24.136491
24.136709
24.136709
24.136402
24.138062
24.13944
24.139949
24.130385
24.147255
24.149593
24.153616
24.141111
24.147059
24.139366
24.1428
24.139393
24.156553
24.149201
24.150739
24.150709
24.150709
24.150748
24.150939
24.150631
24.134464
24.132318
24.147902
24.14685
24.146554
24.137322
24.1361678
24.139303
24.153466
24.138148
24.138148
24.128861
24.14287
24.138353
24.159008
24.145416
24.153751
24.153751
24.146672
24.137513
24.13813
24.139483
24.139483
24.141093
24.141828
24.147543
24.138656
24.138656
24.141128
24.141811
24.142624
24.1451
24.145148
24.145148
24.145148
24.145148
24.145131
24.144563
24.144913
24.144262
24.1513911
24.149327
24.154526
24.153269
24.153276
24.154577
24.154571
24.134191
24.136591
24.135842
24.137487
24.135602
24.135613
24.136408
24.137157
24.137193
24.134222
24.134222
24.148038
24.155212
24.141399
24.141499
24.142215
24.156441
24.152942
24.141258
24.153465
24.149981
24.150454
24.150454
24.151011
24.152265
24.153993
24.15567
24.144896
24.15634
24.157043
24.158168
24.156213
24.152629
24.170258
24.171596
24.172171
24.149161
24.152103
24.152295
24.153575
24.154505
24.159322
24.158831
24.159322
24.144517
24.144517
24.144947
24.145241
24.145241
24.143681
24.143681
24.143038
24.143748
24.143748
24.143949
24.143949
24.143949
24.144306
24.144306
24.151326
24.159795
24.1605186
24.161669
24.161655
24.172166
24.171411
24.171636
24.16033
24.154606
24.170153
24.169836
24.170235
24.164718
24.148844
24.154607
24.148996
24.165719
24.156974
24.161471
24.168289
24.161484
24.162685
24.162629
24.162629
24.162564
24.172915
24.150934
24.156997
24.1570459
24.165873
24.165823
24.158946
24.165931
24.166489
24.166846
24.166821
24.167123
24.166853
24.166788
24.167103
24.148165
24.150864
24.145999
24.146114
24.157165
24.152977
24.152882
24.155678
24.163362
24.163275
24.16292
24.163256
24.162975
24.163342
24.15352
24.160404
24.154052
24.153286
24.168518
24.170201
24.148508
24.15016
24.153124
24.157109
24.150843
24.152566
24.154644
24.173107
24.158364
24.158364
24.156164
24.151629
24.165931
24.166756
24.174518
24.186782
24.179063
24.179384
24.179963
24.179106
24.182665
24.185971
24.1887
24.192727
24.194836
24.167645
24.168869
24.169539
24.17946
24.170994
24.170903
24.171213
24.195911
24.192751
24.176769
24.177825
24.18902
24.194011
24.164829
24.175712
24.174548
24.175579
24.169278
24.162351
24.161488
24.164739
24.16226
24.164882
24.165005
24.174205
24.176624
24.179779
24.182691
24.182619
24.185397
24.193564
24.173189
24.175108
24.175496
24.179223
24.178733
24.178709
24.187491
24.173714
24.1739083
24.172615
24.171638
24.1762541
24.171622
24.186719
24.172196
24.168104
24.180449
24.18266
24.191501
24.166962
24.16792
24.16923
24.179044
24.179884
24.172214
24.174286
24.170356
24.170076
24.17688
24.193067
24.178023
24.185483
24.181668
24.183092
24.182346
24.182901
24.184445
24.174374
24.178384
24.176176
24.171575
24.174079
24.177044
24.172349
24.177056
24.175075
24.16929
24.171719
24.173112
24.174725
24.1843452
24.176414
24.195206
24.180021
24.184678
24.172565
24.171369
24.176183
24.1628835
24.175122
24.184955
24.168531
24.254419
24.254419
24.254419
24.158458
24.17168
24.17157
24.171096
24.178043
24.175567
24.178969
24.176382
24.197498
24.18374
24.168462
24.2088
24.168883
24.164257
24.183933
24.162502
24.170293
24.162435
24.163675
24.162171
24.192724
24.159779
24.156663
24.158367
24.156326
24.156532
24.168379
24.166554
24.169063
24.171668
24.173692
24.176221
24.175671
24.116949
24.165784
24.181575
24.173419
24.168722
24.158532
24.158814
24.165784
24.165678
24.165362
24.161641
24.162777
24.16336
24.165939
24.157313
24.160625
24.158244
24.158702
24.183175
24.175314
24.176803
24.165671
24.16439
24.168164
24.167084
24.168465
24.169487
24.170818
24.171312
24.186614
24.176161
24.171852
24.175272
24.175489
24.184955
24.16758
24.200679
24.164974
24.180651
24.183805
24.182166
24.181743
24.181245
24.180815
24.180918
24.178914
24.175702
24.174987
24.172971
24.187748
24.181957
24.185296
24.187489
24.185429
24.19401
24.186084
24.183497
24.186184
24.175536
24.177767
24.163983
24.1759419
24.183744
24.179074
24.168422
24.166044
24.168407
24.167174
24.167174
24.16645
24.170761
24.17115
24.162196
24.161315
24.158362
24.15891
24.162154
24.179125
24.179125
24.182245
24.182817
24.181593
24.163825
24.178958
24.165491
24.185752
24.187506
24.188536
24.190603
24.189322
24.191087
24.188809
24.176124
24.206263
24.205642
24.205642
24.205642
24.178907
24.177937
24.176161
24.176149
24.207731
24.207731
24.207893
24.163175
24.17354
24.166472
24.16492
24.167585
24.172548
24.176692
24.17768
24.18212
24.169356
24.163453
24.1402869
24.153974
24.162314
24.139886
24.141304
24.1420849
24.15157
24.150692
24.136062
24.136741
24.138069
24.13812
24.141025
24.153703
24.153266
24.153487
24.153215
24.144875
24.147165
24.146749
24.150657
24.134264
24.142017
24.149695
24.142737
24.148924
24.148964
24.149018
24.14891
24.132191
24.1408772
24.149715
24.153499
24.156714
24.153364
24.153486
24.1453
24.146054
24.155219
24.152296
24.1555377
24.154091
24.136246
24.135807
24.151499
24.152077
24.149144
24.148644
24.146733
24.1351432
24.146058
24.146058
24.144536
24.144536
24.144536
24.14553
24.14553
24.14553
24.147688
24.138799
24.141357
24.136952
24.13836
24.138662
24.138509
24.138318
24.133216
24.138241
24.135014
24.135126
24.138949
24.15338
24.150358
24.148973
24.144802
24.118027
24.153458
24.153458
24.1543749
24.155558
24.155558
24.155558
24.158924
24.115199
24.117773
24.153457
24.153457
24.151451
24.15486
24.155558
24.155366
24.142659
24.1487627
24.142517
24.141537
24.142853
24.1450759
24.147992
24.1503
24.1503
24.1503
24.1503
24.1503
24.1503
24.1503
24.1503
24.1503
24.1503
24.150812
24.1503
24.150812
24.1503
24.150812
24.150811
24.150811
24.150139
24.148027
24.1497229
24.12658
24.13101
24.132004
24.129883
24.129698
24.29704
24.125736
24.127758
24.101362
24.108241
24.112143
24.118398
24.121527
24.105173
24.109349
24.144441
24.146829
24.146811
24.146822
24.153587
24.155102
24.156843
24.156843
24.1155
24.119075
24.121255
24.143088
24.144923
24.102744
24.127232
24.130594
24.154098
24.154152
24.111904
24.151947
24.149067
24.155515
24.141094
24.138263
24.159131
24.133722
24.133255
24.136609
24.13751
24.152438
24.155061
24.157799
24.150148
24.157523
24.160013
24.153667
24.131533
24.131327
24.125456
24.117498
24.11847
24.117325
24.113904
24.111812
24.123242
24.123084
24.157522
24.119952
24.115762
24.124333
24.087436
24.082772
24.086237
24.087937
24.088095
24.091474
24.079914
24.100349
24.103018
24.106309
24.115156
24.11561
24.115385
24.12106
24.096182
24.096617
24.0972159
24.095767
24.102673
24.105652
24.100646
24.1092227
24.110968
24.086703
24.087638
24.090181
24.089366
24.09964
24.099487
24.115437
24.11527
24.115136
24.114805
24.114826
24.115133
24.123284
24.097686
24.097279
24.095616
24.101071
24.107892
24.104804
24.105339
24.110476
24.110476
24.107886
24.099261
24.098141
24.118738
24.079718
24.110591
24.110161
24.110013
24.1096442
24.099578
24.108102
24.104747
24.108451
24.103462
24.085879
24.086002
24.102642
24.108977
24.106762
24.106955
24.107578
24.111168
24.106475
24.100511
24.107688
24.105667
24.104131
24.08542
24.093409
24.106261
24.110529
24.077404
24.090165
24.068427
24.073093
24.0777879
24.053124
24.059024
24.058529
24.059416
24.0619494
24.06178
24.061629
24.062585
24.063669
24.064484
24.07559
24.064787
24.061228
24.061142
24.061478
24.0794
24.078469
24.068555
24.0455186
24.043704
24.04703
24.05947
24.064259
24.06072
24.065922
24.016146
24.106577
24.108692
24.108761
24.106278
24.113023
24.110851
24.110768
24.10624
24.110094
24.103574
24.095109
24.105107
24.104793
24.105176
24.106232
24.1090678
24.1105
24.102722
24.05955
24.12657
24.104101
24.104817
24.079274
24.073148
24.0613447
24.061116
24.109384
24.105096
24.110202
24.10974
24.10974
24.108423
24.253687
24.253781
24.254128
24.253912
24.253407
24.253315
24.267434
24.268675
24.271549
24.253076
24.274641
24.242251
24.24356
24.250794
24.24748
24.250809
24.255486
24.251623
24.251526
24.253585
24.2518
24.254112
24.254112
24.254112
24.251948
24.251499
24.251249
24.250327
24.250344
24.249942
24.253663
24.249047
24.248758
24.252294
24.248318
24.248418
24.248109
24.249685
24.251971
24.24604
24.245372
24.246499
24.248875
24.249342
24.247244
24.247798
24.245188
24.248887
24.249254
24.246828
24.246588
24.252499
24.246568
24.242792
24.242792
24.242792
24.242792
24.241926
24.241688
24.241926
24.25048
24.245589
24.254673
24.255671
24.255572
24.255612
24.255042
24.255245
24.255621
24.255128
24.240885
24.238378
24.239804
24.246363
24.246798
24.246573
24.25959
24.239494
24.239232
24.249149
24.249349
24.257815
24.256819
24.268791
24.26453
24.271589
24.239483
24.2393818
24.243364
24.263868
24.261916
24.2391348
24.247412
24.247807
24.253358
24.252463
24.231346
24.247307
24.246829
24.246829
24.246829
24.304742
24.294326
24.306126
24.333261
24.305164
24.305084
24.305166
24.306961
24.304655
24.305422
24.331723
24.332305
24.29857
24.321565
24.321565
24.330083
24.309059
24.306363
24.3091734
24.327735
24.309187
24.309754
24.311288
24.313428
24.3134116
24.309266
24.325823
24.293581
24.3292
24.3292
24.279203
24.279203
24.267154
24.274415
24.273897
24.274655
24.274462
24.27666
24.27666
24.275984
24.276135
24.280211
24.272631
24.274636
24.259182
24.256982
24.257655
24.25765
24.25765
24.257022
24.257452
24.257945
24.249268
24.24637
24.260576
24.257793
24.257715
24.257082
24.25024
24.251038
24.261168
24.262539
24.262684
24.26468
24.207855
24.258623
24.251584
24.257586
24.2492927
24.251722
24.253574
24.256134
24.257041
24.257379
24.257565
24.258499
24.258572
24.258572
24.237495
24.174872
24.176045
24.175964
24.203037
24.182267
24.315384
24.321132
24.327077
24.282098
24.203301
24.202863
24.19737
24.208651
24.175149
24.203306
24.2032059
24.203083
24.174038
24.175014
24.254159
24.2449409
24.25435
24.255025
24.256277
24.255025
24.320726
24.220818
24.219933
24.347886
24.347886
24.347886
24.348367
24.294224
24.313154
24.278795
24.25236
24.247745
24.205418
24.208088
24.192288
24.190877
24.228768
24.240613
24.240523
24.216922
24.247691
24.229042
24.233971
24.233573
24.233926
24.241725
24.204965
24.209813
24.210354
24.218286
24.194895
24.219591
24.209473
24.209483
24.209537
24.213408
24.214413
24.215612
24.21319
24.209611
24.210657
24.213357
24.217403
24.207219
24.206487
24.205797
24.22281
24.223933
24.216095
24.2251
24.210476
24.217456
24.217467
24.202429
24.202409
24.231655
24.187763
24.188799
24.203266
24.214913
24.213171
24.211309
24.211694
24.211474
24.22955
24.229678
24.220315
24.217203
24.231167
24.203795
24.223856
24.222024
24.191148
24.194373
24.194132
24.194749
24.218366
24.22204
24.204319
24.205996
24.223744
24.2227134
24.224992
24.22048
24.211896
24.227982
24.2221045
24.223208
24.240509
24.240722
24.240988
24.2085288
24.204896
24.220825
24.221779
24.216534
24.236064
24.235317
24.2225
24.234665
24.235805
24.230682
24.208395
24.210175
24.226068
24.226596
24.217824
24.219665
24.215925
24.220492
24.229192
24.229159
24.22911
24.229404
24.221774
24.256093
24.25815
24.259178
24.246834
24.246515
24.258601
24.252891
24.248616
24.235481
24.243666
24.256257
24.256257
24.255856
24.247116
24.256543
24.258169
24.257947
24.25823
24.271316
24.260835
24.261582
24.156463
24.153735
24.15402
24.119141
24.123252
24.13432
24.153238
24.154252
24.154336
24.122488
24.132154
24.154986
24.151046
24.151125
24.1512378
24.117548
24.12058
24.155106
24.156879
24.160199
24.171948
24.16703
24.170389
24.155104
24.239267
24.2395712
24.241551
24.246456
24.246239
24.248672
24.252602
24.250364
24.236425
24.237014
24.255261
24.257582
24.258468
24.215353
24.215195
24.229361
24.229484
24.223021
24.233376
24.233542
24.22624
24.211901
24.237929
24.207298
24.2458
24.24272
24.236487
24.236306
24.242023
24.235064
24.237683
24.231867
24.202029
24.223615
24.238705
24.233406
24.2344225
24.23481
24.252856
24.229332
24.210415
24.182999
24.180669
24.181022
24.181145
24.181816
24.19161
24.208644
24.212896
24.191361
24.192566
24.193339
24.210514
24.182286
24.185552
24.181614
24.18179
24.18557
24.17835
24.188069
24.219713
24.182415
24.182124
24.180237
24.191148
24.213373
24.196586
24.197418
24.214287
24.182417
24.19241
24.200873
24.124313
24.260722
24.253678
24.255064
24.254926
24.248484
24.249782
24.255889
24.255889
24.256277
24.256277
24.255889
24.2576
24.254959
24.262124
24.259231
24.261018
24.25978
24.2377469
24.25526
24.246449
24.251684
24.253693
24.251008
24.291896
24.291896
24.272631
24.271499
24.240265
24.237263
24.255889
24.249238
24.247474
24.254858
24.254489
24.267618
24.268059
24.270951
24.268506
24.263676
24.23685
24.276448
24.271458
24.291741
24.292395
24.282896
24.268693
24.270476
24.271913
24.269695
24.271276
24.345027
24.281381
24.266545
24.281494
24.304407
24.268162
24.266543
24.290901
24.310474
24.26638
24.269082
24.26676
24.351813
24.338834
24.34468
24.342998
24.344431
24.344513
24.381957
24.341369
24.343507
24.343643
24.345248
24.381273
24.3832065
24.405301
24.350417
24.34759
24.347859
24.404733
24.378823
24.34914
24.34914
24.347669
24.342346
24.344343
24.344284
24.34683
24.354774
24.346469
24.344937
24.34556
24.345796
24.350875
24.357066
24.357184
24.344865
24.345255
24.34775
24.3491908
24.350655
24.345123
24.332153
24.332265
24.329833
24.332129
24.332986
24.333066
24.31118
24.345971
24.345766
24.337787
24.3466237
24.346264
24.34574
24.145698
24.155423
24.0813999
24.0813999
24.0813999
24.081959
24.086641
24.086633
24.08228
24.063667
24.063756
24.063667
24.068242
24.064141
24.064141
24.078126
24.062296
24.069101
24.070371
24.070919
24.070919
24.070919
24.070919
24.074402
24.075971
24.075971
24.075555
24.075971
24.075341
24.076309
24.067981
24.078621
24.078624
24.079204
24.085476
24.085476
24.085476
24.086402
24.084601
24.084314
24.087073
24.070323
24.070323
24.070323
24.070323
24.074996
24.075556
24.075556
24.075556
24.075556
24.075556
24.075556
24.075556
24.075556
24.075564
24.075564
24.075556
24.075555
24.075555
24.075555
24.075556
24.075556
24.075609
24.077516
24.077516
24.078707
24.078668
24.083915
24.082182
24.081677
24.065999
24.085391
24.070321
24.070253
24.070228
24.070253
24.070253
24.070253
24.070269
24.070268
24.070276
24.070237
24.070237
24.070237
24.071093
24.076036
24.078485
24.068964
24.083427
24.067404
24.067371
24.067371
24.067366
24.067366
24.067366
24.067366
24.067366
24.067366
24.067366
24.067366
24.067366
24.067366
24.067366
24.067366
24.06738
24.067374
24.0807
24.080804
24.080906
24.080791
24.080976
24.0809939
24.075465
24.075854
24.075854
24.075854
24.077166
24.067868
24.067868
24.074933
24.074761
24.0781809
24.078476
24.078714
24.076361
24.077853
24.078246
24.078016
24.078016
24.077695
24.077695
24.077695
24.077695
24.077695
24.077695
24.078306
24.078306
24.078306
24.078306
24.078306
24.076717
24.076717
24.076717
24.076717
24.076722
24.077003
24.078241
24.079836
24.080253
24.060757
24.057016
24.084856
24.078505
24.081093
24.064346
24.068507
24.06787
24.087813
24.085031
24.081284
24.085662
24.06866
24.090882
24.061819
24.086132
24.086132
24.086132
24.086127
24.0536027
24.063962
24.068265
24.084253
24.078459
24.070035
24.068369
24.06649
24.08872
24.071522
24.072965
24.072973
24.074355
24.074372
24.074372
24.074355
24.074355
24.074575
24.074558
24.070188
24.056391
24.067876
24.070641
24.07196
24.072225
24.074249
24.076623
24.077452
24.077452
24.076032
24.076032
24.076048
24.079777
24.079734
24.080633
24.080536
24.081469
24.087524
24.076754
24.076971
24.095719
24.093946
24.091159
24.078654
24.078654
24.078734
24.083113
24.083113
24.083113
24.083113
24.083113
24.083113
24.083113
24.083044
24.093073
24.082589
24.08371
24.079576
24.079765
24.079459
24.079459
24.014147
23.987786
23.993161
24.003171
24.029062
24.015055
24.015461
24.01624
24.013522
24.013742
24.022182
24.029592
24.028161
24.025638
24.0249719
24.029673
24.036437
24.025417
24.042927
24.042927
24.019982
24.023915
24.026103
24.028352
24.027644
24.028259
24.035353
24.025476
24.035451
24.035361
24.035451
24.035361
24.050319
24.041879
24.030849
24.038371
24.038371
24.064045
24.051069
24.052891
24.053273
24.057574
24.055955
24.057143
24.057182
24.056836
24.057711
24.053931
24.05503
24.055301
24.057966
24.057966
24.119622
24.066195
24.087138
24.058534
24.059207
24.058573
24.058573
24.055376
24.057508
24.058848
24.057508
24.054635
24.05715
24.057145
24.057145
24.057145
24.057692
24.057267
24.058903
24.057384
24.057672
24.057672
24.055634
24.059279
24.099601
24.091241
24.072543
24.056496
24.106531
24.108125
24.048369
24.049442
24.049442
24.049039
24.087806
24.086237
24.056647
24.057136
24.058321
24.088429
24.090029
24.091394
24.060768
24.080538
24.068958
24.068958
24.076833
24.078028
24.078788
24.078636
24.06557
24.048989
24.049091
24.049091
24.039444
24.017538
24.047851
24.047973
24.04788
24.047415
24.047973
24.047973
24.047935
24.047777
24.029983
24.011923
24.0119229
24.040355
24.136364
24.131186
24.130403
24.130384
24.13049
24.130521
24.130521
24.130702
24.130638
24.139646
24.131069
24.130384
24.1521024
24.126937
23.809657
24.111093
24.114776
24.111661
24.123529
24.101653
24.109021
24.10646
24.110917
24.110995
24.111095
24.11738
24.11738
24.117307
24.105296
24.108097
24.108097
24.108097
24.108624
24.103122
24.099577
24.12332
24.10888
24.109389
24.10855
24.10855
24.10855
24.147752
24.144641
24.144659
24.144659
24.144659
24.159627
24.159715
24.159598
24.159598
24.159578
24.14848
24.148907
24.146851
24.171435
24.162495
24.162495
24.171435
23.962698
23.962226
23.9709349
23.959444
23.95898
23.959027
23.959027
23.958389
23.958389
23.959201
23.95939
23.955799
23.951975
23.966136
23.961224
23.957382
23.964921
23.956938
23.949291
23.949291
23.956334
23.956334
23.956334
23.958548
23.959172
23.961555
23.950811
23.958441
23.956642
23.947481
23.948952
23.963917
23.962199
23.962765
23.962791
23.961686
23.961622
23.940478
23.957657
23.94961
23.95121
23.962555
23.962555
23.963156
23.968695
23.962665
23.962642
23.962642
23.962642
23.962642
23.962642
23.962642
23.962642
23.962642
23.96296
23.968841
23.974093
23.941652
23.957607
23.952264
23.952264
23.970541
23.95825
23.958501
23.97522
23.936871
23.943586
23.95947
23.95947
23.95947
23.95947
23.956479
23.958424
23.952708
23.971743
23.962607
23.957909
23.947363
23.967229
23.963686
23.963175
23.963392
23.963392
23.962502
23.962502
23.962502
23.962595
23.963005
23.889811
23.896794
23.897485
23.89774
23.89774
23.898418
23.898339
23.898718
23.884805
23.919308
23.903534
23.909228
23.886397
23.886364
23.889055
23.897063
23.895726
23.898591
23.902121
23.937349
23.924169
23.924728
23.920325
23.921234
23.921234
23.924893
23.92031
23.920361
23.924648
23.93882
23.949602
23.952914
23.953136
23.952968
23.954401
23.937826
23.952981
23.953234
23.952976
23.952983
23.952687
23.948449
23.978685
23.962329
23.962666
23.962312
23.958975
23.961245
23.961245
23.961245
23.964964
23.9520361
23.962346
23.941728
23.951413
23.951413
23.951413
23.962222
23.956831
23.995369
23.957
23.956935
23.956935
23.956935
23.962351
23.967538
23.966328
23.960806
23.958548
23.965764
23.966427
23.966427
23.966685
23.967097
23.993408
23.993493
23.993408
23.993475
23.993481
23.995016
23.995381
23.994103
23.997289
23.997289
23.989232
23.994995
23.989984
24.000417
24.000417
24.007455
24.000364
23.992214
23.996741
24.007502
24.007455
24.000593
23.992266
23.853996
23.855974
23.851741
23.852969
23.858529
23.858399
23.857214
23.856566
23.856566
23.85254
23.856188
23.861586
23.861512
23.861512
23.861448
23.861448
23.861615
23.8484914
23.847652
23.852833
23.860202
23.811339
23.86444
23.86444
23.86444
23.871784
23.871784
23.878554
23.874452
23.875184
23.874893
23.875049
23.875056
23.877567
23.877577
23.877577
23.877577
23.877577
23.874762
23.874762
23.874762
23.874762
23.874575
23.875017
23.870895
23.872657
23.872442
23.874772
23.871333
23.871417
23.871387
23.904372
23.906381
23.892555
23.88884
23.906496
23.891259
23.89256
23.893528
23.893528
23.906614
23.905304
23.906609
23.889803
23.895716
23.895716
23.894279
23.896065
23.896065
23.896113
23.904397
23.903893
23.892513
23.892385
23.892651
23.90066
23.917559
23.889923
23.891071
23.891071
23.891589
23.89223
23.888493
23.899464
23.84672
23.894809
23.893213
23.893219
23.893219
23.893219
23.89157
23.891395
23.891313
23.891861
23.891903
23.889614
23.8796711
23.846671
23.891603
23.827338
23.844472
23.844472
23.844472
23.844472
23.844472
23.844472
23.844472
23.844472
23.844472
23.844472
23.844472
23.844472
23.844472
23.844472
23.85144
23.8541771
23.851276
23.851287
23.851624
23.851621
23.826022
23.841402
23.851479
23.853019
23.852901
23.853061
23.846769
23.859598
23.859584
23.860271
23.860506
23.860549
23.860549
23.860872
23.899239
23.899551
23.920678
23.890299
23.896709
23.90002
23.900358
23.899886
23.899984
23.900058
23.899739
23.899739
23.90026
23.900101
23.900356
23.904731
23.899622
23.954005
23.954626
23.856046
23.855404
23.855463
23.853382
23.852617
23.852319
23.852323
23.852323
23.863077
23.90138
23.924199
23.925088
23.909426
23.909367
23.953401
23.958066
23.911831
23.925221
23.924359
23.968004
23.970088
23.970088
23.965999
23.960802
23.924385
23.92487
23.893179
23.811153
23.810888
23.811918
23.800718
23.812462
23.812462
23.813161
23.812909
23.809178
23.809017
23.813155
23.810029
23.810043
23.810043
23.806618
23.806637
23.904083
23.904083
23.904367
23.904142
23.906699
23.910518
23.9008441
23.9103767
23.910014
23.949518
23.956521
23.938997
23.949744
23.959833
23.959705
23.959705
23.956521
23.956994
23.956994
23.956994
23.957895
23.957895
23.957477
23.957477
23.935602
23.902533
23.902583
23.902239
23.902053
23.902533
23.902602
23.902624
23.90293
23.9004285
23.900736
23.9227981
23.937222
23.938433
23.9387283
23.9394321
23.955818
23.955783
23.950363
23.9269371
23.909693
23.9001581
23.911419
23.89475
23.910262
23.91032
23.910488
23.910488
23.909487
23.910159
23.904698
23.908477
23.9139931
23.902749
23.901963
23.929931
23.907366
23.907138
23.906642
23.907278
23.910151
23.911655
23.926549
23.910527
23.911487
23.921149
23.878322
23.941733
24.002051
23.979053
23.981077
23.980686
23.9789259
23.979131
23.953062
23.974069
23.985713
23.98112
23.99086
23.978913
23.956439
23.977371
23.976589
23.989461
23.989461
23.989461
23.989461
23.980304
23.979803
23.9846159
23.97817
23.953304
23.979311
24.038417
23.982882
24.040048
24.070594
23.967565
23.96791
23.969607
23.966775
23.966806
23.967458
23.962031
23.976215
23.966248
23.967721
23.963182
24.03757
23.971656
23.969203
23.971218
23.9511431
23.9511431
23.9511431
23.963764
23.9787377
23.950811
23.9655187
23.966567
24.14274
24.023326
24.023363
24.043393
24.162231
23.953653
23.958033
23.838427
23.849343
23.873956
23.836643
23.833866
23.86982
23.877766
23.834632
23.834674
23.826881
23.832618
23.820953
23.8286711
23.828642
23.826969
23.826451
23.8173026
23.813329
23.811246
23.817613
23.818517
23.811281
23.834746
23.833984
23.833253
23.851753
23.851753
23.851753
23.851753
23.851753
23.851753
23.848918
23.848903
23.832502
23.866726
23.85164
23.864653
23.896962
23.591089
23.487451
23.48177
23.708325
23.697027
23.697217
23.697613
23.813863
23.749987
23.756857
23.760108
23.768222
23.760153
23.75702
23.765007
23.794644
23.7581612
23.749551
23.750031
23.747306
23.747974
23.745612
23.745624
23.795792
23.673308
23.741301
23.741291
23.730811
23.481501
23.481872
23.481787
23.48169
23.481281
23.481305
23.481406
23.481315
23.481315
23.481068
23.480522
23.47999
23.483125
23.48001
23.479578
23.479975
23.482333
23.4821478
23.482121
23.481543
23.48281
23.482251
23.480121
23.478836
23.5005117
23.500415
23.501086
23.500399
23.50077
23.482247
23.48161
23.480914
23.476197
23.487297
23.465869
23.490554
23.478416
23.478687
23.478766
23.478648
23.478687
23.478687
23.474972
23.484129
23.463778
23.472399
23.471454
23.483936
23.484077
23.493841
23.483246
23.48714
23.474034
23.474166
23.463632
23.462498
23.477684
23.476916
23.476663
23.481255
23.485308
23.471434
23.475189
23.481452
23.482535
23.476483
23.476545
23.466203
23.474072
23.473403
23.486975
23.48834
23.487105
23.487408
23.485795
23.485795
23.485795
23.499026
23.497066
23.477345
23.477789
23.481501
23.485412
23.486422
23.474136
23.476191
23.478674
23.483922
23.485872
23.496175
23.486733
23.485746
23.486738
23.487236
23.4887898
23.48958
23.491945
23.485826
23.485299
23.48535
23.48535
23.476945
23.476256
23.482426
23.483007
23.483912
23.483195
23.483173
23.483224
23.482989
23.482989
23.482495
23.484129
23.472527
23.472421
23.487137
23.497721
23.459073
23.469252
23.469252
23.470766
23.469468
23.470844
23.470234
23.458168
23.483344
23.474633
23.471779
23.463187
23.456
23.490121
23.488576
23.489423
23.462302
23.467596
23.467802
23.467802
23.474972
23.461898
23.479907
23.479925
23.479832
23.479976
23.479605
23.479649
23.479486
23.47948
23.479084
23.479084
23.479084
23.478998
23.479701
23.479174
23.478495
23.479848
23.472416
23.4742694
23.474082
23.492926
23.463611
23.480041
23.479578
23.481051
23.481051
23.494697
23.494677
23.485537
23.464748
23.467867
23.485506
23.473422
23.468344
23.492019
23.484236
23.493016
23.491479
23.479179
23.479337
23.479248
23.482299
23.473112
23.472892
23.473116
23.489717
23.491016
23.490755
23.490074
23.490015
23.465896
23.467344
23.477024
23.476866
23.477341
23.461398
23.476563
23.484345
23.484321
23.484226
23.480016
23.472182
23.472153
23.474256
23.483612
23.488809
23.490297
23.493415
23.469723
23.464939
23.483701
23.474734
23.481934
23.481678
23.4669673
23.4669673
23.467551
23.459131
23.459104
23.455466
23.468523
23.471148
23.443551
23.472359
23.476971
23.477226
23.485428
23.4675709
23.468162
23.476584
23.490739
23.457957
23.464375
23.464506
23.464506
23.494741
23.46391
23.453094
23.44605
23.44613
23.580798
23.54455
23.5911268
23.504752
23.528523
23.48802
23.513718
23.490032
23.487268
23.523056
23.5231089
23.520962
23.450027
23.510045
23.511196
23.4354677
23.512761
23.453715
23.514846
23.424707
23.425941
23.424845
23.43584
23.44586
23.299304
23.295043
23.301202
23.454236
23.413602
23.419486
23.421059
23.43086
23.4323906
23.454437
23.416608
23.4375146
23.411373
23.411251
23.497049
23.508577
23.508577
23.4586716
23.452752
23.459014
23.457627
23.457967
23.457252
23.457271
23.466079
23.4651891
23.465648
23.466156
23.462333
23.464571
23.4582853
23.449428
23.466779
23.468076
23.46365
23.468834
23.4569
23.456911
23.438344
23.463573
23.464593
23.464593
23.464593
23.457687
23.458099
23.450252
23.455833
23.479446
23.493164
23.551477
23.552245
23.552051
23.5551
23.558171
23.559299
23.559299
23.551389
23.551497
23.555243
23.542606
23.54389
23.523245
23.555629
23.554977
23.555529
23.5551937
23.523487
23.5202506
23.551325
23.519888
23.606013
23.6012
23.602608
23.599923
23.600615
23.600615
23.604862
23.603788
23.335867
23.340648
23.360025
23.416895
23.379864
23.379864
23.376473
23.3783134
23.378173
23.328101
23.37388
23.675733
23.676369
23.673208
23.689519
23.675217
23.692585
23.680254
23.673416
23.680237
23.641334
23.645587
23.6421882
23.70377
23.708987
23.709525
23.709241
23.7086429
23.708431
23.707793
23.727114
23.727114
23.727114
23.727114
23.727114
23.727114
23.727114
23.727114
23.702225
23.70293
23.709831
23.712571
23.715563
23.715319
23.709331
23.703958
23.701928
23.675215
23.678486
23.676149
23.705206
23.693262
23.675846
23.675917
23.70048
23.721824
23.703633
23.759581
23.757852
23.796327
23.75
23.75
23.747389
23.711412
23.714431
23.714431
23.709039
23.708902
23.70987
23.7098569
23.679119
23.705515
23.705894
23.706073
23.706073
23.698007
23.698313
23.697735
23.696878
23.712992
23.707233
23.711005
23.710926
23.7125601
23.712449
23.704377
23.703928
23.722312
23.7135404
23.711757
23.711757
23.711757
23.710611
23.711892
23.7226933
23.724213
23.70658
23.699676
23.699018
23.699018
23.7593531
23.756357
23.752397
23.644368
23.60231
23.649867
23.684042
23.584483
23.7746039
23.756398
23.799438
23.800126
23.797465
23.796497
23.798199
23.8009748
23.799815
23.789429
23.789429
23.771285
23.795374
23.566918
23.564281
23.5697662
23.588718
23.577272
23.601155
23.578664
23.579917
23.56897
23.570628
23.564597
23.568572
23.573779
23.574578
23.576489
23.572558
23.546361
23.585779
23.636501
23.6138388
23.649487
22.995379
22.995985
22.994131
22.992029
22.993301
22.992237
22.993387
22.992036
22.992757
22.99185
22.99185
22.99185
22.981438
22.993533
22.9967411
22.9964431
22.9964431
22.988785
22.992843
22.9861169
22.9887891
22.989079
22.992565
22.988066
22.99119
22.996639
22.9939538
23.1286116
23.000404
22.998657
22.994569
22.9927577
22.994828
22.994715
22.987668
22.992606
22.998288
22.991395
22.9971281
22.9971281
22.9971281
22.987201
22.997578
22.999918
23.000106
22.996718
22.967455
22.981226
22.979002
22.986242
22.998594
22.990292
22.987197
22.9763881
22.984862
22.980849
22.983243
22.983306
22.98745
22.964721
22.9956782
22.9956782
22.982668
22.992545
22.992171
22.985642
23.110049
22.9736591
22.981725
22.978667
22.982116
22.948349
22.948349
22.974438
22.96983
22.9703558
22.9703558
22.931399
22.986152
22.986763
22.968413
22.979809
22.984794
22.995671
22.998773
22.998773
22.999636
23.001834
22.998694
22.998694
22.9981321
22.998753
22.997662
22.999918
22.997599
22.997599
23.01224
23.010362
23.016197
23.01653
23.012987
23.007036
23.006177
23.057799
22.9870227
22.984304
22.984304
22.9842931
22.984494
23.002724
22.989291
22.991148
22.990812
22.99195
22.992972
23.049764
23.0022299
23.022892
23.047074
23.047924
23.064985
23.034747
23.042911
23.065382
23.044358
23.0480493
23.0389793
23.045383
23.059201
23.059201
23.0440553
23.032861
23.027678
23.013465
23.015611
23.020908
23.030678
23.0384621
23.028079
23.041711
23.02251
23.022983
23.020856
23.04108
23.01124
23.018503
23.019307
22.99871
22.998719
22.998792
22.998805
22.997183
23.01639
23.024247
23.006253
23.0180963
23.000881
23.00106
23.04911
23.026067
23.04911
22.966497
22.966703
22.967515
22.966828
22.9668265
22.928739
22.962819
22.9239813
22.9071066
23.035931
23.031953
23.0354801
23.042659
23.04263
23.060958
23.061396
23.121916
23.123721
23.123859
23.122245
23.203446
23.220701
23.219576
23.177485
23.041394
22.971287
22.972559
22.9709927
22.919071
22.969644
22.953857
22.965366
22.9224123
22.904095
22.946834
22.956127
22.933002
22.991227
22.921678
22.960468
22.960922
22.968881
22.931757
23.1926625
23.211064
23.207745
23.194349
23.195719
23.18385
23.1950148
23.189571
23.18995
23.184136
23.1835813
23.183857
23.1816479
23.183326
22.865499
23.157338
23.164746
23.17104
23.156838
23.163681
23.163013
23.187462
23.163837
23.123387
23.1201853
23.122916
23.08137
23.14103
23.1929273
23.233119
23.235039
23.268584
23.269892
23.305608
23.307475
23.322689
23.304773
23.305135
23.3045536
23.306732
23.306704
23.306026
23.315496
23.308936
23.316032
23.318472
23.31071
23.3121729
23.305286
23.305268
23.308958
23.311655
23.294795
23.303195
23.306104
23.303343
23.300398
23.311019
23.310772
23.3116
23.301442
23.365462
23.366167
23.36651
23.323134
23.3665101
23.3763699
23.351676
23.349837
23.343864
23.354266
23.398458
23.35279
23.35129
23.068095
23.351609
23.337262
23.322574
23.275912
23.295673
23.28902
23.242581
23.227257
23.220631
23.236019
23.291514
23.2654189
23.289022
23.2781077
23.2947176
23.320838
23.320106
23.31125
23.320358
23.133323
23.132031
23.1322951
23.132124
23.126872
23.117086
23.132467
23.127516
23.152967
23.15463
23.115378
23.114283
23.129685
23.098128
23.098628
23.101997
23.0998662
23.100398
23.100398
23.100398
23.100398
23.100398
23.100398
23.100398
23.100398
23.100398
23.100398
23.100398
23.105762
23.100457
23.100082
23.100477
23.100477
23.100477
23.100477
23.100477
23.103082
23.093904
23.100655
23.120635
23.101435
23.075834
23.064255
23.07569
23.098465
23.098521
23.09941
23.100596
23.07245
23.080316
23.083333
23.060281
23.122833
23.085943
22.633889
22.634608
22.632174
22.636466
22.631253
22.631444
22.631012
22.631012
22.630656
22.630354
22.630549
22.62252
22.631322
22.631163
22.631072
22.631081
22.630879
22.63089
22.630884
22.624753
22.624753
22.624753
22.625695
22.632797
22.632788
22.632622
22.628292
22.633524
22.633524
22.6249558
22.634532
22.635611
22.622207
22.623071
22.63396
22.627272
22.636013
22.633481
22.629803
22.629695
22.628049
22.628014
22.627472
22.627472
22.627283
22.627856
22.627585
22.627658
22.622597
22.6215737
22.62132
22.621168
22.63154
22.62975
22.626945
22.627342
22.6291
22.6291
22.6291
22.629074
22.6291
22.6291001
22.629074
22.629185
22.627242
22.626767
22.626025
22.62632
22.627955
22.627559
22.623735
22.623598
22.622637
22.622264
22.619087
22.620349
22.619597
22.628164
22.625657
22.625657
22.625657
22.625657
22.625657
22.625657
22.629842
22.629859
22.625499
22.625499
22.6302723
22.630545
22.625771
22.626608
22.622842
22.622248
22.62538
22.626544
22.627163
22.625638
22.620307
22.620958
22.623102
22.623089
22.617089
22.616824
22.637422
22.623734
22.631066
22.616712
22.614825
22.630599
22.618463
22.619271
22.62185
22.621778
22.621771
22.618699
22.632451
22.626021
22.620547
22.618579
22.626388
22.626021
22.629584
22.627202
22.6230802
22.623855
22.6258285
22.626715
22.626749
22.624717
22.624729
22.625162
22.624707
22.626203
22.624452
22.625935
22.622355
22.662561
22.664832
22.655086
22.655574
22.668007
22.648974
22.655924
22.623305
22.6194
22.6194
22.619017
22.664411
22.663216
22.66137
22.66137
22.623534
22.656673
22.6230792
22.621788
22.635337
22.635125
22.635897
22.619057
22.6168883
22.616883
22.619083
22.6168883
22.620003
22.6162159
22.6162159
22.616378
22.626361
22.627252
22.625234
22.62672
22.653215
22.63728
22.637263
22.636788
22.636845
22.636808
22.632193
22.612129
22.612528
22.613357
22.610978
22.608133
22.559548
22.59018
22.602165
22.576288
22.608707
22.610881
22.615773
22.61565
22.615508
22.6148392
22.6001048
22.601362
22.601343
22.607912
22.571764
22.580367
22.601497
22.602492
22.61001
22.593597
22.593597
22.588895
22.586764
22.586237
22.586551
22.586535
22.586609
22.60828
22.609664
22.604572
22.593947
22.602339
22.599502
22.591201
22.584137
22.576212
22.603414
22.57113
22.56556
22.566409
22.57162
22.603275
22.609118
22.605428
22.594059
22.613957
22.614
22.583617
22.568209
22.587169
22.588357
22.601412
22.6012795
22.601067
22.602484
22.635601
22.6364866
22.639888
22.638209
22.640332
22.641086
22.641789
22.641647
22.641674
22.640302
22.638473
22.648868
22.646398
22.646091
22.642173
22.6491152
22.650942
22.6314
22.647987
22.647888
22.647633
22.647683
22.64766
22.657033
22.651207
22.639828
22.645938
22.642356
22.643439
22.648264
22.649393
22.649677
22.649383
22.635523
22.638437
22.637389
22.638574
22.638574
22.638574
22.638574
22.638574
22.638574
22.647993
22.647844
22.643529
22.671962
22.638907
22.665242
22.634737
22.6411915
22.642472
22.643482
22.668196
22.667383
22.6291
22.724082
22.719188
22.718935
22.719188
22.717111
22.716335
22.714777
22.736824
22.731501
22.727062
22.727281
22.718122
22.709762
22.72679
22.730272
22.730272
22.730272
22.730272
22.730272
22.730272
22.730272
22.730272
22.732233
22.731501
22.726995
22.709841
22.728428
22.729918
22.728414
22.728587
22.728414
22.72411
22.732273
22.733519
22.7277713
22.723569
22.731406
22.731501
22.729502
22.715291
22.704778
22.734301
22.570937
22.573557
22.569241
22.569247
22.529087
22.558245
22.55819
22.552346
22.565487
22.563927
22.5508884
22.560638
22.528862
22.56659
22.56659
22.56659
22.566335
22.567018
22.57012
22.570104
22.570083
22.564197
22.565966
22.563132
22.565235
22.565292
22.56523
22.565374
22.56603
22.563999
22.560123
22.583315
22.5821
22.582433
22.564928
22.567715
22.529422
22.551126
22.57268
22.574452
22.526417
22.702821
22.680708
22.68046
22.677857
22.679343
22.67061
22.658762
22.66527
22.666958
22.683955
22.685576
22.688459
22.677537
22.679732
22.679732
22.677537
22.677537
22.664853
22.665324
22.690236
22.67999
22.6882937
22.690211
22.69027
22.689854
22.689855
22.682109
22.676883
22.666254
22.6877358
22.687544
22.691953
22.671349
22.6782789
22.673244
22.68811
22.673046
22.665675
22.701404
22.701404
22.701404
22.701404
22.701019
22.701791
22.701772
22.701455
22.677292
22.701683
22.701316
22.700757
22.680976
22.679164
22.706833
22.679807
22.729759
22.731651
22.7256263
22.732728
22.730491
22.730508
22.731177
22.797124
22.780529
22.7858601
22.791949
22.786807
22.784589
22.784708
22.79905
22.821781
22.796578
22.805467
22.789421
22.789421
22.789421
22.789421
22.789421
22.78541
22.783276
22.784886
22.790873
22.7943598
22.7948231
22.795274
22.795871
22.797448
22.798061
22.798061
22.797359
22.798137
22.7925711
22.791801
22.794419
22.813075
22.790072
22.7921044
22.790288
22.790288
22.856529
22.8542175
22.861798
22.853953
22.860899
22.854723
22.854249
22.855237
22.857195
22.855425
22.873968
22.8783301
22.8515
22.836185
22.836185
22.881315
22.878968
22.883075
22.883314
22.872582
22.873645
22.873787
22.869868
22.782532
22.7932754
22.792918
22.805527
22.795569
22.765493
22.765987
22.765987
22.7554252
22.7539012
22.757575
22.76249
22.7507065
22.760868
22.75782
22.757862
22.758058
22.758453
22.7325008
22.761125
22.762411
22.761123
22.739177
22.737658
22.761125
22.78545
22.781147
22.78135
22.782038
22.779327
22.762666
22.819023
22.818281
22.809195
22.81707
22.819226
22.879999
22.908483
22.908397
22.908367
22.908515
22.892519
22.624976
22.625602
22.624311
22.622479
22.627589
22.627714
22.628168
22.622904
22.597008
22.602226
22.617378
22.592409
22.601972
22.600726
22.598599
22.595984
22.602061
22.6022078
22.628639
22.630847
22.629836
22.630114
22.629705
22.629747
22.625831
22.624964
22.624964
22.624964
22.625083
22.6252
22.62943
22.633745
22.627957
22.616002
22.62029
22.607586
22.621965
22.591715
22.62567
22.628906
22.628906
22.622933
22.638324
22.616274
22.626584
22.629123
22.627123
22.628863
22.631325
22.615307
22.615536
22.589457
22.635951
22.627499
22.627836
22.590312
22.621206
22.6395323
22.647143
22.621478
22.632412
22.663483
22.583609
22.636719
22.593013
22.591412
22.58527
22.5711977
22.584481
22.606637
22.604206
22.60543
22.60543
22.584767
22.636927
22.63504
22.602178
22.602405
22.60585
22.607596
22.619261
22.614674
22.486587
22.498383
22.533797
22.508136
22.508236
22.508724
22.5125709
22.4998563
22.49813
22.504961
22.5061192
22.661413
22.652997
22.652094
22.652017
22.649154
22.658392
22.653938
22.6598
22.663205
22.688518
22.693271
22.693332
22.691255
22.65575
22.687518
22.659571
22.729695
22.691281
22.690527
22.730393
22.887967
22.8884972
22.891669
22.892157
22.880563
22.889974
22.889796
22.889282
22.889381
22.883957
22.881776
22.841923
22.901446
22.92249
22.891236
22.890567
22.887974
22.901241
22.900599
22.888106
22.886849
22.896893
22.833415
22.911075
22.899983
22.896734
22.895027
22.894916
22.99538
22.998931
22.999148
23.10829
23.00262
22.999721
22.994371
22.996116
22.9560087
22.940852
22.943614
22.942828
22.975248
22.981743
22.917132
22.973011
22.974683
22.973409
22.974574
23.0838
23.084252
23.082982
23.175542
23.19465
23.263056
23.274298
23.24805
22.886129
22.89725
22.86411
22.907803
22.907902
22.903999
23.566877
23.567234
23.564173
23.569032
23.569521
23.567051
23.568373
23.570995
23.565462
23.571286
23.553341
23.559788
23.553341
23.553341
23.555529
23.555529
23.555529
23.555529
23.570832
23.564883
23.566325
23.567262
23.566162
23.5653
23.569776
23.57123
23.570883
23.520198
23.563329
23.565134
23.565286
23.569779
23.565856
23.569494
23.56973
23.570192
23.570192
23.570478
23.570192
23.570192
23.570478
23.570478
23.570478
23.570192
23.570192
23.570478
23.570192
23.570192
23.570478
23.570478
23.570478
23.570478
23.570192
23.570192
23.570192
23.570007
23.559609
23.562971
23.562971
23.562971
23.568214
23.568599
23.525078
23.653883
23.59963
23.59896
23.367423
23.258076
23.364391
23.359482
23.356371
23.2080556
23.211456
23.205395
23.738744
23.666942
23.649537
23.671451
23.668031
23.664044
23.570674
23.584922
23.594684
23.560616
23.565566
24.489526
24.51828
24.491479
24.46281
24.481109
24.499094
24.503746
24.488901
24.488999
24.50882
24.448434
24.4438329
24.456958
24.4376913
24.440186
24.420555
24.440247
24.433932
24.435867
24.438042
24.4376913
24.4376913
24.440679
24.442113
24.4376913
24.431516
24.430391
24.427776
24.441946
24.441421
24.442474
24.440198
24.437241
24.4568119
24.45246
24.443721
24.446864
24.442203
24.450917
24.450334
24.450529
24.451095
24.444122
24.428371
24.47634
24.43222
24.447332
24.457873
24.433884
24.437079
24.432444
24.432939
24.431651
24.429876
24.429876
24.429876
24.416667
24.43117
24.430973
24.436366
24.437089
24.437117
24.437117
24.4318
24.433272
24.435068
24.432887
24.4347826
24.435277
24.43296
24.437587
24.43718
24.436811
24.436891
24.437167
24.437399
24.437058
24.4329607
24.439011
24.433119
24.433053
24.436812
24.436777
24.429495
24.432393
24.434274
24.437707
24.440476
24.441829
24.432822
24.432203
24.41521
24.424818
24.415335
24.425004
24.428537
24.42789
24.428151
24.427663
24.4283593
24.428337
24.26493
24.425453
24.4376913
24.428933
24.254749
24.43033
24.430222
24.253635
24.425022
24.426275
24.262196
24.255188
24.429517
24.250417
24.27093
24.26511
22.672511
22.672085
22.675481
22.673647
22.682085
22.684655
22.671642
22.6743599
22.67309
22.669491
22.669306
22.669306
22.674731
22.648534
22.679277
22.682563
22.675699
22.67581
22.688549
22.655443
22.677072
22.633664
22.633664
22.679817
22.676111
22.662817
22.680437
22.682986
22.687726
22.665513
22.657809
22.65845
22.664222
22.676555
22.662229
22.660946
22.670178
22.656711
22.692868
22.694566
22.694808
22.671507
22.672731
22.669682
22.656331
22.655809
22.656586
22.657146
22.674226
22.670981
22.670482
22.670473
22.671124
22.664166
22.663883
22.700864
22.667093
22.67352
22.665705
22.673865
22.683004
22.6827711
22.683004
22.682947
22.683004
22.68538
22.674531
22.638068
22.714657
22.752203
22.752203
22.735216
22.707176
22.707176
22.706556
22.712482
22.690045
22.740336
22.73374
22.796236
22.7796752
22.772712
22.779798
22.825483
22.824064
22.826293
22.741863
22.756474
22.712658
22.712658
22.712658
22.702276
22.676774
22.653277
22.5836484
22.6278663
22.586762
22.621416
22.616412
22.617377
22.617377
22.617377
22.612388
22.64271
22.61309
22.659706
22.659706
22.658368
22.658368
22.658368
22.658368
22.658368
22.709647
22.631553
22.637979
22.675121
22.6771514
22.615428
22.591113
22.589774
22.5496176
22.549381
22.55282
22.550086
22.544526
22.533385
22.55035
22.551215
22.546102
22.550675
22.551286
22.547046
22.547542
22.549283
22.549225
22.540973
22.591383
22.526154
22.571366
22.573031
22.513398
22.514782
22.493837
22.468468
22.490528
22.48977
22.492095
22.491585
22.433653
22.43155
22.431554
22.46672
22.468658
22.465984
22.469815
22.46729
22.463821
22.45741
22.467644
22.467644
22.467644
22.467593
22.466662
22.4666027
22.4683015
22.468897
22.343401
22.343406
22.354299
22.348547
22.414342
22.416107
22.414053
22.486211
22.54059
22.543582
22.366405
22.385088
22.368046
22.365169
22.411928
22.3643109
22.330971
22.199387
22.198478
22.370284
22.218298
22.072817
22.07402
22.0398248
22.0220097
22.0942121
22.125258
22.125795
21.924544
22.0019941
22.002571
22.040037
22.001647
21.945978
21.950054
21.950054
21.949365
21.949365
21.959723
21.946114
21.947892
22.003629
22.003061
21.991037
21.999027
22.001551
22.00293
21.922075
22.008402
21.900864
21.986332
22.018543
22.02132
22.762633
22.755426
22.756059
22.755109
22.753107
22.767219
22.768891
22.7688413
22.768827
22.768871
22.774499
22.754461
22.7543504
22.748365
22.7484388
22.7484388
22.744453
22.7537579
22.7571514
22.7571514
22.7571514
22.7571514
22.7571514
22.743978
22.761778
22.759888
22.757909
22.757345
22.754699
22.7663267
22.7663267
22.7663267
22.752596
22.755363
22.750677
22.750452
22.7565354
22.791598
22.753249
22.794725
22.793749
22.793749
22.761738
22.793215
22.75472
22.764013
22.777551
22.7725438
22.772872
22.7654279
22.760414
22.793809
22.795432
22.754224
22.753618
22.750063
22.755213
22.762917
22.706238
22.7040892
22.749553
22.768651
22.761482
22.748421
22.707848
22.674964
22.667982
22.656072
22.667982
22.6577014
22.057761
22.025038
22.026836
22.902423
22.787801
22.862046
22.857288
22.9124533
22.910504
22.923851
22.957126
22.957126
23.047881
23.045487
23.100052
23.123322
23.124269
23.11461
23.126158
23.03135
23.0691722
23.0691722
23.0691722
23.0743959
22.943176
22.963533
22.9390282
22.956714
22.968909
22.969899
23.0020802
23.0020802
23.0020802
23.0020802
23.0020802
23.0020802
22.998024
22.998768
22.913684
22.891894
22.869888
22.870897
22.874529
22.872706
22.875968
22.874386
22.87491
22.873743
22.876373
22.874416
22.876017
22.878014
22.878884
22.872392
22.868376
22.880208
22.861031
22.9397163
22.9397163
22.9397163
22.927987
23.123111
23.100609
23.018579
23.018579
23.018579
23.018579
23.018579
23.020263
23.099075
23.097756
23.103102
23.397172
23.317528
22.460896
22.618742
22.599753
22.61201
22.534215
22.531405
22.357052
22.410063
22.3417469
22.294816
23.972115
23.9776044
23.9949891
23.995009
23.993474
23.978272
23.978272
23.978084
23.979798
23.9824999
23.98165
23.98143
23.981379
23.98143
23.983993
23.983993
23.985308
23.973669
23.974697
23.975058
23.995329
23.975327
23.9973
23.971899
23.9776044
23.979518
23.9793829
23.9793829
23.9793829
23.9793829
23.9793829
23.9793829
23.9793829
23.9806069
23.99255
23.992173
23.976025
24.01031
23.975136
23.974752
23.974399
23.96895
23.970847
23.972894
23.9973
23.9794431
23.976651
23.976771
23.97647
23.976355
23.976656
23.978509
23.975404
23.9707
23.9723361
23.989621
24.009325
23.993232
23.993232
23.996988
23.996988
23.991891
23.991891
23.990259
23.978224
23.994707
23.99099
23.99468
23.995136
23.9904709
23.989458
23.989348
23.991331
23.991331
23.99239
24.001678
23.98643
23.973254
24.006361
23.992352
23.9707
23.974921
23.97346
23.989982
23.990438
23.991617
23.991192
23.984331
23.9840697
23.979969
23.978959
24.0006361
23.982579
24.0016
23.977509
23.9823
23.979352
23.97837
24.00395
23.996692
23.977692
23.988993
23.989492
23.990912
23.990912
23.993752
23.983275
23.98781
23.983747
23.992536
23.991817
24.01031
23.9898359
23.980316
23.97892
23.9977159
23.994695
23.995775
24.0066
23.992908
24.013265
23.980822
24.009477
23.998206
24.00205
23.97637
23.976116
23.986642
23.98926
24.0062
24.003549
24.126438
24.126193
24.0211
24.030615
24.031727
24.034088
24.0345627
24.005435
24.014323
24.018869
24.0244
24.0244
24.0244
24.0244
24.0244
24.0244
24.0244
24.0244
24.0244
24.0244
24.0244
24.0244
24.0244
24.02529
24.026944
24.027364
24.039733
24.040124
24.032406
24.037305
24.039305
24.052578
24.053472
24.126245
24.127427
24.127503
24.128394
24.032484
24.117476
24.054028
24.056156
24.242054
24.307738
24.312403
24.298587
24.30596
24.30596
24.312216
24.316987
24.308385
24.184445
24.1480637
24.157336
24.158574
24.183064
24.147462
24.207389
24.18651
24.162358
23.947469
23.947219
23.921311
24.102661
24.056212
24.00294
24.003586
24.172134
24.118241
24.1182667
24.118065
24.118568
23.964955
23.965627
24.278795
23.961019
23.961668
23.973718
23.9639559
23.96805
23.967483
23.936871
23.936879
23.987086
23.970977
23.953191
23.973289
23.97295
23.972903
23.97356
23.974839
23.973264
23.948464
23.995761
23.971186
23.973943
23.972038
23.948479
23.949559
23.983155
23.978419
23.965097
23.962901
23.991772
23.962064
23.963333
23.907546
23.884142
23.872115
23.867833
23.869016
23.871571
23.870055
23.870312
23.870406
23.870474
23.870989
23.870139
23.884896
23.883937
23.883601
23.90702
23.899077
23.905853
23.905083
23.905006
23.894343
23.894343
23.868105
23.8684116
23.868407
23.834626
23.782223
23.784327
23.918878
23.935307
23.819163
23.819083
23.848475
23.826974
23.83372
23.844022
23.848252
23.846298
23.845812
23.842904
23.841489
23.904306
23.904428
23.87023
23.746508
23.74326
23.7461938
23.726614
23.74738
23.745691
23.746175
23.746046
23.744596
23.7512883
23.74465
23.771629
23.729786
23.746209
23.7542
23.726436
23.804288
23.802092
23.717613
23.7704285
23.7475681
23.7480382
23.782498
23.711978
23.7130451
23.7102157
23.711837
23.709403
23.751372
23.729756
23.745821
23.660012
23.665222
23.665469
23.605884
23.669501
23.669259
23.666293
23.663648
23.588949
23.607998
23.632376
23.669342
23.654942
23.6577636
23.659609
23.6636474
23.670625
23.636681
23.6153
23.59835
23.601489
23.601326
23.601824
23.65096
23.651541
23.47456
23.468639
23.493671
23.70897
23.59803
23.601407
23.598363
23.4614444
23.461928
23.4660806
23.493658
23.488881
23.496783
23.525667
23.497733
23.4945133
23.496881
23.56896
23.577774
23.578639
23.57884
23.580547
23.58013
23.499026
23.496542
23.496437
23.497098
23.52942
23.499833
23.460215
23.496301
23.499852
23.4937218
23.493595
23.492296
23.458719
23.5097203
23.523129
23.523954
23.70478
23.706014
23.495469
23.495002
23.715174
23.714878
23.71528
23.714866
23.715474
23.811113
23.80971
23.78345
23.783293
23.576887
23.576874
23.527102
23.102175
23.432283
23.4308849
23.429744
23.428323
23.424464
23.324147
23.3256424
23.324509
23.335776
23.3359099
23.332805
23.335527
23.342394
23.342664
23.347233
23.3361096
23.331498
23.331059
23.33155
23.332325
23.336698
23.336105
23.3333712
23.333374
23.3806268
23.378758
23.33205
23.331576
23.4682602
23.465785
23.3246271
23.334695
23.338503
23.338503
23.4550014
23.451972
23.455235
23.3386891
23.4288697
23.428441
23.417337
23.3198259
23.321543
23.336207
23.335264
23.347107
23.3407015
23.3211769
23.326746
23.321449
23.3837046
23.3810986
23.395173
23.3846193
23.395912
23.3810986
23.390882
23.390882
23.381049
23.382953
23.284321
23.2769127
23.345878
23.295457
23.278329
23.302749
23.295821
23.345812
23.345055
23.335527
23.3447617
23.346206
23.243416
23.22023
23.219282
23.406231
23.406684
23.43894
23.438364
23.436334
23.43106
23.176511
23.179448
23.27891
23.279908
23.155646
23.147542
23.162654
23.175905
23.173741
23.17887
23.1725609
23.17235
23.224714
23.226025
23.200966
23.202415
23.267935
23.268381
23.267724
23.265595
23.263742
23.26807
23.175499
23.192677
23.21449
23.220277
23.219666
23.220211
23.222013
23.218653
23.218929
23.473324
23.201671
23.253306
23.253175
23.155059
23.179165
23.25323
